  87 116 108 115 112 112 125 123 123 120 121 120 121 120 118 115
  94 131 132 130 122 129 129 130 126 129 127 126 128 132 129 131
  94 130  60  42  38  38  37  43  42  42  79 127 129 128 129 126
 101 127  28   3   0   3   0   0   0   1  52 127 125 126 126 126
 100 129  30   2   0   4   0   0   1   0  55 128 129 128 126 126
 103 129  27   0   1   3   2   1   0   3  57 125 127 127 127 125
  97 134  30   0   2  15 117 123 120 124 129 133 128 130 129 126
 101 132  31   1   1  14 129 129 126 129 125 130 129 131 128 124
 102 129  24   1   0  17 130 127 129 131 128 130 134 128 129 119
 101 129  15   1   0  20 119 123 118 121 131 129 131 128 130 128
 108 128  15   0   0   1   6   2   4   1  54 131 128 129 126 123
 107 127  18   0   0   5   1   1   1   1  53 125 131 129 132 116
 101 129  19   0   1   0   0   1   1   1  59 126 125 128 126 116
 101 130  62  50  49  53  50  49  49  54  82 127 129 128 117 116
 104 129 124 127 127 129 131 129 123 127 124 126 129 129 124 116
  87  99 100 112 118 120 116 118 115 109 110 114 116 111 109  95
  86 121 120 120 118 122 125 123 124 126 123 122 120 124 122 119
  93 131 130 131 133 131 131 130 130 132 130 133 130 130 132 126
  99 131  63  42  47  43  46  43  43  46  78 128 127 126 127 127
  99 129  29   0   0   0   0   0   0   0  50 128 129 127 128 127
 101 128  26   0   0   0   0   0   0   0  52 129 126 127 126 124
 103 128  28   0   0   0   3   3   3   5  55 129 130 127 128 122
 105 130  28   0   0   9 119 119 121 121 126 128 129 128 127 122
 106 128  26   0   0   9 127 130 128 129 130 128 130 129 129 123
 104 127  23   0   0   9 125 131 129 127 127 128 126 128 127 122
 107 128  17   0   0  20 120 125 124 120 122 129 128 127 125 122
 108 128  15   0   0   0   3   3   3   5  55 125 126 124 127 119
 107 127  15   0   0   0   0   0   0   0  57 124 124 125 123 115
 105 126  17   0   0   0   0   0   0   0  56 123 124 123 123 115
 106 125  54  41  41  43  45  43  44  43  82 125 125 123 124 114
 103 123 124 123 124 124 124 125 124 122 124 123 121 123 122 110
  92 110 106 115 113 113 113 112 111 112 110 110 111 109 108  98
  84 115 116 111 109 116 111 117 118 120 117 116 111 115 110 111
  94 121 124 124 129 126 123 124 129 123 125 119 124 126 126 120
  93 122  64  49  50  47  53  42  51  56  78 125 128 128 128 123
  99 121  32   1   4   1   2   2   2   2  56 122 124 125 128 122
 103 120  26   0   2   0   0   1   3   0  51 123 119 122 129 122
  99 124  26   1   4   0  10   7  15  17  55 124 128 124 124 115
 105 118  26   0   0  13 105 108 108 110 112 121 123 125 121 117
 103 120  22   0   0  10 117 121 124 124 122 123 121 127 122 112
 100 122  21   2   0  12 115 122 119 118 118 118 119 123 120 122
 103 119  21   0   2  25 109 110 110 112 114 117 118 119 122 117
 106 117  18   1   0   2   9  11  13  11  61 116 122 119 119 115
 101 115  11   1   0   0   0   0   1   2  59 117 116 115 119 110
 108 116  11   0   1   0   0   0   0   3  55 119 117 118 119 107
 102 117  49  39  34  34  34  36  39  36  76 117 118 116 124 104
 100 117 119 117 119 112 110 113 115 114 117 113 115 112 116 104
  97 108 107 109 105 106 107 104 106 104 102 105 108 103 103  94

 115 131 126 126 126 125 126 124 119 128 123 116 116 116 116  95
 118 129 129 126 126 127 129 128 129 130 126 132 126 117 124 109
 120 132 128 126 128 127 130 131 128 128 129 129 128 128 129 111
 121 128 129 125 129 127 128 129 134 131 128 131 125 129 129 116
 120 126 127 127 128 125 133 130 130 129 131 125 126 127 126 114
 121 127  79  52  55  57 129 125 128 131  54  53  59  82 124 110
 120 129  42   1   0   3 124 129 131 121   1   1   1  54 127 109
 123 126  42   0   1   0 120 126 129 118   4   1   1  49 123 115
 123 130  43   0   0   1 123 129 127 123   2   1   1  49 129 118
 125 129  37   0   0   2 117 129 130 119   6   1   0  50 131 116
 112 129  38   3   4   3  15  14  17  20   1   5   0  53 129 120
 112 122  38   0   0   1   2   1   0   0   0   0   1  49 127 118
 115 130  42   3   2   0   0   1   1   1   0   0   0  50 127 112
 108 132  60  28  30  27  30  31  24  15  15  18  19  62 124 100
 116 131 130 127 129 129 134 132 129 129 128 127 129 130 129  99
  87  94  94 101 100 103  97 101 102 101 108 107 101 101 104  87
 119 126 127 127 124 122 122 123 122 122 119 115 115 114 110  98
 122 132 127 128 126 128 127 129 127 125 127 123 123 124 122 108
 124 130 126 127 127 127 128 129 128 127 124 125 123 123 123 109
 120 130 127 129 126 130 129 130 126 128 126 124 124 125 121 111
 122 133 128 128 129 129 128 128 128 129 125 124 123 125 123 110
 123 130  78  50  52  55 126 130 127 122  55  57  56  82 124 110
 126 132  46   0   0   5 121 129 127 120   5   0   0  43 122 112
 124 130  43   0   0   3 121 128 129 124   3   0   0  44 124 111
 123 130  43   0   0   3 119 130 131 125   3   0   0  43 125 112
 125 131  46   0   0   3 119 127 125 120   3   0   0  45 124 113
 122 131  43   0   0   0   9   9   9  20   0   0   0  43 124 113
 118 133  47   0   0   0   0   0   0   0   0   0   0  41 124 113
 120 131  42   0   0   0   0   0   0   0   0   0   0  41 123 115
 120 130  63  29  26  28  28  26  23  17  15  15  17  54 124 106
 121 131 131 129 128 128 130 128 127 128 128 127 126 125 123 110
  86  93  99  99 101 103 105 106 104 107 108 107 105 106 103  92
 111 120 123 122 122 115 117 112 122 117 115 110 107 104 104  94
 110 126 128 128 129 124 121 122 120 122 119 119 119 124 116 103
 115 126 128 125 122 124 125 127 123 119 119 115 118 116 112 103
 111 124 128 124 119 128 123 121 119 118 122 116 117 118 115 108
 116 119 125 122 123 124 121 123 118 117 116 117 119 117 113 105
 117 125  78  56  51  55 112 122 118 114  61  59  55  76 117 102
 120 123  56   2   0  17 110 124 118 112  11   2   3  36 114 104
 118 129  51   2   3  15 108 124 119 110  13   1   0  39 115 106
 117 124  42   2   1   7 108 121 122 110  11   0   0  36 113 104
 111 123  53   2   0  10 105 117 115 109   9   0   0  34 110 107
 116 126  47   1   0   0  13  10  12  25   2   0   0  34 112 106
 109 129  50   4   2   4   0   0   0   2   0   0   1  34 119 105
 111 124  49   1   0   1   0   0   2   0   1   1   0  39 117 109
 116 124  64  32  26  26  26  22  21  21  18  11  11  49 119 107
 115 121 122 121 120 124 118 120 122 119 117 115 116 117 117 108
  84  94  93  99 103  99 105 103 100 103 106 101 108 102 100  97

  95 109 111 116 114 110 109 115 118 116 120 118 112 100  99  87
 116 124 129 129 126 124 127 123 129 131 129 127 127 124 129 104
 116 117 128 129 127  82  54  49  49  50  53  49  50  62 130 101
 116 126 128 125 126  59   1   1   1   0   0   1   0  19 129 101
 116 132 129 131 125  53   1   1   1   1   5   0   0  18 127 107
 123 126 129 128 131  54   1   4   2   6   1   0   0  15 128 108
 128 130 128 131 129 131 121 118 123 119  20   0   1  15 129 101
 119 129 128 134 130 128 131 129 127 130  17   0   1  24 129 102
 124 128 131 129 130 125 129 126 129 129  14   1   1  31 132 101
 126 129 130 128 133 129 124 120 123 117  15   2   0  30 134  97
 125 127 127 127 125  57   3   0   1   2   3   1   0  27 129 103
 126 126 128 129 128  55   0   1   0   0   4   0   2  30 129 100
 126 126 126 125 127  52   1   0   0   0   3   0   3  28 127 101
 126 129 128 129 127  79  42  42  43  37  38  38  42  60 130  94
 131 129 132 128 126 127 129 126 130 129 129 122 130 132 131  94
 115 118 120 121 120 121 120 123 123 125 112 112 115 108 116  87
  98 108 109 111 110 110 112 111 112 113 113 113 115 106 110  92
 110 122 123 121 123 124 122 124 125 124 124 124 123 124 123 103
 114 124 123 125 125  82  43  44  43  45  43  41  41  54 125 106
 115 123 123 124 123  56   0   0   0   0   0   0   0  17 126 105
 115 123 125 124 124  57   0   0   0   0   0   0   0  15 127 107
 119 127 124 126 125  55   5   3   3   3   0   0   0  15 128 108
 122 125 127 128 129 122 120 124 125 120  20   0   0  17 128 107
 122 127 128 126 128 127 127 129 131 125   9   0   0  23 127 104
 123 129 129 130 128 130 129 128 130 127   9   0   0  26 128 106
 122 127 128 129 128 126 121 121 119 119   9   0   0  28 130 105
 122 128 127 130 129  55   5   3   3   3   0   0   0  28 128 103
 124 126 127 126 129  52   0   0   0   0   0   0   0  26 128 101
 127 128 127 129 128  50   0   0   0   0   0   0   0  29 129  99
 127 127 126 127 128  78  46  43  43  46  43  47  42  63 131  99
 126 132 130 130 133 130 132 130 130 131 131 133 131 130 131  93
 119 122 124 120 122 123 126 124 123 125 122 118 120 120 121  86
  94 103 103 108 105 102 104 106 104 107 106 105 109 107 108  97
 104 116 112 115 113 117 114 115 113 110 112 119 117 119 117 100
 104 124 116 118 117  76  36  39  36  34  34  34  39  49 117 102
 107 119 118 117 119  55   3   0   0   0   0   1   0  11 116 108
 110 119 115 116 117  59   2   1   0   0   0   0   1  11 115 101
 115 119 119 122 116  61  11  13  11   9   2   0   1  18 117 106
 117 122 119 118 117 114 112 110 110 109  25   2   0  21 119 103
 122 120 123 119 118 118 118 119 122 115  12   0   2  21 122 100
 112 122 127 121 123 122 124 124 121 117  10   0   0  22 120 103
 117 121 125 123 121 112 110 108 108 105  13   0   0  26 118 105
 115 124 124 128 124  55  17  15   7  10   0   4   1  26 124  99
 122 129 122 119 123  51   0   3   1   0   0   2   0  26 120 103
 122 128 125 124 122  56   2   2   2   2   1   4   1  32 121  99
 123 128 128 128 125  78  56  51  42  53  47  50  49  64 122  93
 120 126 126 124 119 125 123 129 124 123 126 129 124 124 121  94
 111 110 115 111 116 117 120 118 117 111 116 109 111 116 115  84

  87 104 101 101 107 108 101 102 101  97 103 100 101  94  94  87
  99 129 130 129 127 128 129 129 132 134 129 129 127 130 131 116
 100 124  62  19  18  15  15  24  31  30  27  30  28  60 132 108
 112 127  50   0   0   0   1   1   1   0   0   2   3  42 130 115
 118 127  49   1   0   0   0   0   1   2   1   0   0  38 122 112
 120 129  53   0   5   1  20  17  14  15   3   4   3  38 129 112
 116 131  50   0   1   6 119 130 129 117   2   0   0  37 129 125
 118 129  49   1   1   2 123 127 129 123   1   0   0  43 130 123
 115 123  49   1   1   4 118 129 126 120   0   1   0  42 126 123
 109 127  54   1   1   1 121 131 129 124   3   0   1  42 129 120
 110 124  82  59  53  54 131 128 125 129  57  55  52  79 127 121
 114 126 127 126 125 131 129 130 130 133 125 128 127 127 126 120
 116 129 129 125 131 128 131 134 129 128 127 129 125 129 128 121
 111 129 128 128 129 129 128 128 131 130 127 128 126 128 132 120
 109 124 117 126 132 126 130 129 128 129 127 126 126 129 129 118
  95 116 116 116 116 123 128 119 124 126 125 126 126 126 131 115
  92 103 106 105 107 108 107 104 106 105 103 101  99  99  93  86
 110 123 125 126 127 128 128 127 128 130 128 128 129 131 131 121
 106 124  54  17  15  15  17  23  26  28  28  26  29  63 130 120
 115 123  41   0   0   0   0   0   0   0   0   0   0  42 131 120
 113 124  41   0   0   0   0   0   0   0   0   0   0  47 133 118
 113 124  43   0   0   0  20   9   9   9   0   0   0  43 131 122
 113 124  45   0   0   3 120 125 127 119   3   0   0  46 131 125
 112 125  43   0   0   3 125 131 130 119   3   0   0  43 130 123
 111 124  44   0   0   3 124 129 128 121   3   0   0  43 130 124
 112 122  43   0   0   5 120 127 129 121   5   0   0  46 132 126
 110 124  82  56  57  55 122 127 130 126  55  52  50  78 130 123
 110 123 125 123 124 125 129 128 128 128 129 129 128 128 133 122
 111 121 125 124 124 126 128 126 130 129 130 126 129 127 130 120
 109 123 123 123 125 124 127 128 129 128 127 127 127 126 130 124
 108 122 124 123 123 127 125 127 129 127 128 126 128 127 132 122
  98 110 114 115 115 119 122 122 123 122 122 124 127 127 126 119
  97 100 102 108 101 106 103 100 103 105  99 103  99  93  94  84
 108 117 117 116 115 117 119 122 120 118 124 120 121 122 121 115
 107 119  49  11  11  18  21  21  22  26  26  26  32  64 124 116
 109 117  39   0   1   1   0   2   0   0   1   0   1  49 124 111
 105 119  34   1   0   0   2   0   0   0   4   2   4  50 129 109
 106 112  34   0   0   2  25  12  10  13   0   0   1  47 126 116
 107 110  34   0   0   9 109 115 117 105  10   0   2  53 123 111
 104 113  36   0   0  11 110 122 121 108   7   1   2  42 124 117
 106 115  39   0   1  13 110 119 124 108  15   3   2  51 129 118
 104 114  36   3   2  11 112 118 124 110  17   0   2  56 123 120
 102 117  76  55  59  61 114 118 122 112  55  51  56  78 125 117
 105 113 117 119 117 116 117 118 123 121 124 123 122 125 119 116
 108 115 118 117 116 122 118 119 121 123 128 119 124 128 124 111
 103 112 116 118 115 119 119 123 127 125 124 122 125 128 126 115
 103 116 124 119 119 119 122 120 122 121 124 129 128 128 126 110
  94 104 104 107 110 115 117 122 112 117 115 122 122 123 120 111

