  94 129 116 126 121 123 124 128 126 127 128 119 121 125 126 119
  97 124 132 130 129 129 130 131 130 131 129 131 132 132 133 126
 101 126 132 126 128 128  51  33  33  45 128 131 131 133 131 129
 105 128 131 130 126 125  30   1   1  14 124 126 134 129 132 121
  98 127 130 128 129 129  31   6   1  14 131 132 130 131 132 124
 103 120 124 125 132 125  32   3   0  10 129 131 127 129 127 123
  97 123  77  25  23  25   5   0   1   1  24  20  20  42 133 119
  94 126  73   2   1   0   0   0   0   1   1   0   1  28 126 126
 103 123  76   0   0   0   0   2   3   0   0   0   0  27 130 127
 105 127  89  30  37  26   2   3   2   2   1   0   1  37 130 128
 102 125 131 130 127 126  35   1   5   1   0   0   5  37 125 123
 103 123 130 127 131 125  25   0   0   0   2   0   1  32 125 124
 101 125 128 127 127 124  28   0   0   0   0   0   3  39 129 117
 101 125 129 126 129 126  69  55  55  54  52  55  61  77 127 122
 107 120 127 127 126 127 126 131 124 130 123 128 129 125 123 119
  83 104 101  98  99 102  98 109 101 108 104  97 105 106 108  98
 112 125 127 127 130 126 125 128 128 126 128 130 132 129 127 123
 117 130 129 130 132 134 133 130 132 133 136 132 136 136 135 130
 114 130 130 132 133 132  56  36  35  46 131 135 136 137 134 131
 109 126 130 131 132 132  34   1   1  19 131 135 137 137 132 132
 107 129 131 130 129 130  30   0   1  18 129 133 134 132 135 132
 107 129 129 127 126 127  32   0   0  14 133 131 133 133 133 129
 113 128  72  28  26  23   5   0   0   2  24  26  27  53 133 125
 114 129  60   0   0   0   0   1   0   0   0   0   0  28 135 127
 115 131  62   1   1   0   0   0   0   0   0   0   0  29 133 132
 108 129  80  34  33  36   6   0   0   0   0   0   0  32 131 129
 114 131 129 130 131 129  18   0   0   0   0   0   0  34 131 129
 111 128 128 130 130 129  20   0   0   0   0   0   0  34 130 130
 112 128 128 130 128 129  23   0   0   0   0   0   0  37 131 121
 112 127 128 129 128 126  68  50  53  56  54  55  56  73 130 123
 109 125 125 128 128 130 130 129 129 128 131 130 128 130 130 125
  89 105 103 104 106 103 110 112 110 107 109 109 111 108 113 106
 115 121 126 126 131 130 123 124 121 125 126 128 129 125 125 119
 124 134 133 137 135 133 129 126 127 128 136 131 134 136 134 124
 119 132 130 135 131 132  63  41  49  58 128 133 134 133 136 120
 115 129 129 132 132 130  39   5  12  32 130 138 128 132 130 127
 112 132 130 130 130 131  31   0   3  29 129 132 135 131 131 128
 112 131 128 123 120 123  38   5   2  28 127 126 132 128 134 126
 109 131  71  47  32  42  12   2   3   4  35  36  38  64 128 124
 116 126  54   8   7  11   4   1   3   0   2   0   5  47 127 128
 112 131  52   4   4   4   5   2   2   2   4   2   0  40 125 130
 117 130  76  42  36  50  13   0   1   0   3   0   1  38 127 123
 112 123 125 126 129 128  20   3   0   0   3   4   1  38 123 119
 114 127 129 125 125 125  24   1   0   1   3   0   2  36 130 126
 110 130 126 125 125 126  20   2   4   1   3   1   4  39 124 117
 110 126 129 125 125 126  67  52  56  58  55  53  54  77 124 113
 107 128 125 120 123 128 130 122 125 127 129 127 121 127 126 114
  96 108 105 107 106 107 109 109 110 107 108 110 109 110 112 100

 119 126 129 121 124 123 119 126 127 128 123 124 117 122 119  98
 126 133 131 132 132 127 133 126 130 130 125 125 129 127 123 108
 125 132 133 129 131 129  42  28  27  37  37  32  39  77 125 106
 121 132 131 134 130 127  20   1   0   1   5   1   3  61 129 105
 119 131 131 126 132 131  20   0   0   0   0   0   0  55 128  97
 128 129 128 124 131 129  24   1   0   1   0   2   0  52 123 104
 127 131  45  14  14  10   1   1   0   2   1   0   0  54 130 108
 126 130  33   1   1   0   1   0   3   2   5   0   0  55 124 101
 128 131  33   1   6   3   0   0   2   3   1   0   0  55 131 109
 124 130  51  30  31  32   5   0   0   2  35  25  28  69 126  98
 123 129 128 125 129 125  25   0   0  26 126 125 124 126 127 102
 121 129 128 126 129 132  23   1   0  37 127 131 127 129 126  99
 126 130 126 130 128 125  25   2   0  30 130 127 128 126 127  98
 116 132 132 131 130 124  77  73  76  89 131 130 128 129 127 101
 129 124 126 128 127 120 123 126 123 127 125 123 125 125 120 104
  94  97 101 105  98 103  97  94 103 105 102 103 101 101 107  83
 123 130 131 132 132 129 125 127 132 129 129 130 121 123 125 106
 127 135 134 132 135 133 133 135 133 131 131 130 131 130 130 113
 129 136 137 137 132 133  53  28  29  32  34  34  37  73 130 108
 132 136 136 137 134 133  27   0   0   0   0   0   0  56 128 111
 130 132 135 135 133 131  26   0   0   0   0   0   0  55 130 109
 128 136 131 131 129 133  24   0   0   0   0   0   0  54 131 109
 126 133  46  19  18  14   2   0   0   0   0   0   0  56 128 107
 128 132  35   1   1   0   0   0   0   0   0   0   0  53 129 110
 128 130  36   1   0   0   0   1   0   0   0   0   0  50 129 112
 125 133  56  34  30  32   5   0   0   6  18  20  23  68 130 110
 126 134 132 132 130 127  23   0   0  36 129 129 129 126 130 103
 130 132 133 132 129 126  26   0   1  33 131 130 128 128 128 106
 127 130 132 131 130 127  28   0   1  34 130 130 130 129 128 104
 127 129 130 130 131 129  72  60  62  80 129 128 128 128 125 103
 125 130 130 126 129 129 128 129 131 129 131 128 128 127 125 105
 112 117 114 109 107 107 113 114 115 108 114 111 112 112 109  89
 119 124 120 127 128 126 124 128 130 123 119 126 117 113 114 100
 125 134 136 130 131 134 128 127 125 127 123 130 124 124 126 112
 125 136 133 132 131 128  64  47  40  38  38  36  39  77 127 110
 129 134 134 128 135 132  38   5   0   1   1   2   4  54 121 109
 128 131 133 138 132 126  36   0   2   0   4   0   1  53 127 110
 126 136 128 130 129 127  35   2   4   3   3   3   3  55 129 108
 125 128  58  32  29  28   4   0   2   0   0   1   1  58 127 107
 121 127  49  12   3   2   3   3   2   1   0   0   4  56 125 110
 124 126  41   5   0   5   2   1   2   0   3   1   2  52 122 109
 123 129  63  39  31  38  12   4   5  13  20  24  20  67 130 109
 130 133 132 130 131 123  42  11   4  50 128 125 126 126 128 107
 131 135 131 132 130 120  32   7   4  36 129 125 125 125 123 106
 126 137 135 132 130 123  47   8   4  42 126 125 125 125 120 107
 126 133 130 129 130 128  71  54  52  76 125 129 126 129 125 105
 121 134 132 129 132 131 131 126 131 130 123 127 130 126 128 108
 115 124 119 115 112 112 109 116 112 117 112 114 110 110 107  96

  98 108 106 105  97 104 108 101 109  98 102  99  98 101 104  83
 119 123 125 129 128 123 130 124 131 126 127 126 127 127 120 107
 122 127  77  61  55  52  54  55  55  69 126 129 126 129 125 101
 117 129  39   3   0   0   0   0   0  28 124 127 128 128 125 101
 124 125  32   1   0   2   0   0   0  25 125 131 127 130 123 103
 123 125  37   5   0   0   1   5   1  35 126 127 130 131 125 102
 128 130  37   1   0   1   2   2   3   2  26  37  30  89 127 105
 127 130  27   0   0   0   0   3   2   0   0   0   0  76 123 103
 126 126  28   1   0   1   1   0   0   0   0   1   2  73 126  94
 119 133  42  20  20  24   1   1   0   5  25  23  25  77 123  97
 123 127 129 127 131 129  10   0   3  32 125 132 125 124 120 103
 124 132 131 130 132 131  14   1   6  31 129 129 128 130 127  98
 121 132 129 134 126 124  14   1   1  30 125 126 130 131 128 105
 129 131 133 131 131 128  45  33  33  51 128 128 126 132 126 101
 126 133 132 132 131 129 131 130 131 130 129 129 130 132 124  97
 119 126 125 121 119 128 127 126 128 124 123 121 126 116 129  94
 106 113 108 111 109 109 107 110 112 110 103 106 104 103 105  89
 125 130 130 128 130 131 128 129 129 130 130 128 128 125 125 109
 123 130  73  56  55  54  56  53  50  68 126 128 129 128 127 112
 121 131  37   0   0   0   0   0   0  23 129 128 130 128 128 112
 130 130  34   0   0   0   0   0   0  20 129 130 130 128 128 111
 129 131  34   0   0   0   0   0   0  18 129 131 130 129 131 114
 129 131  32   0   0   0   0   0   0   6  36  33  34  80 129 108
 132 133  29   0   0   0   0   0   0   0   0   1   1  62 131 115
 127 135  28   0   0   0   0   0   1   0   0   0   0  60 129 114
 125 133  53  27  26  24   2   0   0   5  23  26  28  72 128 113
 129 133 133 133 131 133  14   0   0  32 127 126 127 129 129 107
 132 135 132 134 133 129  18   1   0  30 130 129 130 131 129 107
 132 132 137 137 135 131  19   1   1  34 132 132 131 130 126 109
 131 134 137 136 135 131  46  35  36  56 132 133 132 130 130 114
 130 135 136 136 132 136 133 132 130 133 134 132 130 129 130 117
 123 127 129 132 130 128 126 128 128 125 126 130 127 127 125 112
 100 112 110 109 110 108 107 110 109 109 107 106 107 105 108  96
 114 126 127 121 127 129 127 125 122 130 128 123 120 125 128 107
 113 124  77  54  53  55  58  56  52  67 126 125 125 129 126 110
 117 124  39   4   1   3   1   4   2  20 126 125 125 126 130 110
 126 130  36   2   0   3   1   0   1  24 125 125 125 129 127 114
 119 123  38   1   4   3   0   0   3  20 128 129 126 125 123 112
 123 127  38   1   0   3   0   1   0  13  50  36  42  76 130 117
 130 125  40   0   2   4   2   2   2   5   4   4   4  52 131 112
 128 127  47   5   0   2   0   3   1   4  11   7   8  54 126 116
 124 128  64  38  36  35   4   3   2  12  42  32  47  71 131 109
 126 134 128 132 126 127  28   2   5  38 123 120 123 128 131 112
 128 131 131 135 132 129  29   3   0  31 131 130 130 130 132 112
 127 130 132 128 138 130  32  12   5  39 130 132 132 129 129 115
 120 136 133 134 133 128  58  49  41  63 132 131 135 130 132 119
 124 134 136 134 131 136 128 127 126 129 133 135 137 133 134 124
 119 125 125 129 128 126 125 121 124 123 130 131 126 126 121 115

  83 107 101 101 103 102 105 103  94  97 103  98 105 101  97  94
 104 120 125 125 123 125 127 123 126 123 120 127 128 126 124 129
 101 127 129 128 130 131  89  76  73  77 124 130 131 132 132 116
  98 127 126 128 127 130  30   0   2  25 125 128 130 126 130 126
  99 126 129 127 131 127  37   0   1  23 132 129 126 128 129 121
 102 127 126 124 125 126  26   0   0  25 125 129 125 128 129 123
  98 126  69  28  25  35   2   0   0   5  32  31  30  51 130 124
 109 131  55   0   0   1   3   2   0   0   3   6   1  33 131 128
 101 124  55   0   0   5   2   3   0   1   0   1   1  33 130 126
 108 130  54   0   0   1   2   0   1   1  10  14  14  45 131 127
 104 123  52   0   2   0   1   0   1  24 129 131 124 128 129 128
  97 128  55   0   0   0   0   0   0  20 131 132 126 131 131 119
 105 129  61   3   1   5   1   0   1  20 127 130 134 131 132 121
 106 125  77  39  32  37  37  27  28  42 129 131 129 133 132 125
 108 123 127 129 125 125 130 130 126 133 127 132 132 131 133 126
  98 119 122 117 124 123 128 127 126 119 123 124 121 129 126 119
  89 109 112 112 111 114 108 115 114 113 107 107 109 114 117 112
 105 125 127 128 128 131 129 131 129 128 129 129 126 130 130 125
 103 125 128 128 128 129  80  62  60  72 129 131 130 130 129 127
 104 128 129 130 130 130  34   1   0  28 127 130 131 132 130 127
 106 128 128 128 130 131  33   1   0  26 126 129 132 133 132 130
 103 130 126 129 129 129  36   0   0  23 127 130 132 132 134 126
 110 130  68  23  20  18   6   0   0   5  32  30  34  56 133 125
 112 129  50   0   0   0   0   0   1   0   0   0   1  36 130 128
 110 129  53   0   0   0   0   0   0   0   0   1   1  35 132 128
 107 128  56   0   0   0   0   0   0   2  14  18  19  46 133 126
 109 131  54   0   0   0   0   0   0  24 133 129 131 131 136 128
 109 130  55   0   0   0   0   0   0  26 131 133 135 135 132 130
 111 128  56   0   0   0   0   0   0  27 133 134 137 136 136 132
 108 130  73  37  34  34  32  29  28  53 133 132 137 137 136 129
 113 130 130 131 130 131 131 133 135 133 133 135 132 134 135 127
 106 125 123 121 130 129 129 132 127 125 129 132 132 131 130 123
  96 107 110 110 114 112 117 112 116 109 112 112 115 119 124 115
 108 128 126 130 127 123 130 131 126 131 131 132 129 132 134 121
 105 125 129 126 129 125  76  52  54  71 128 130 129 130 133 126
 107 120 125 125 125 126  42   4   8  47 123 130 132 135 137 126
 106 123 125 125 125 129  36   4   7  32 120 130 132 131 135 131
 107 128 126 126 125 128  50   4  11  42 123 131 130 132 133 130
 109 130  67  20  24  20  13   5   4  12  38  31  39  63 129 123
 109 122  52   2   1   3   0   2   1   2   5   0   5  41 126 124
 110 125  56   4   0   0   1   2   3   3   2   3  12  49 127 121
 107 127  58   1   1   0   0   2   0   4  28  29  32  58 128 125
 108 129  55   3   3   3   3   4   2  35 127 129 130 128 136 126
 110 127  53   1   0   4   0   2   0  36 126 132 138 133 131 128
 109 121  54   4   2   1   1   0   5  38 132 135 128 134 134 129
 110 127  77  39  36  38  38  40  47  64 128 131 132 133 136 125
 112 126 124 124 130 123 127 125 127 128 134 131 130 136 134 125
 100 114 113 117 126 119 123 130 128 124 126 128 127 120 124 119

