  80 105 114 117 114 108 109 107 110 104 113 113 111 119 114 108
  91 129 131 130 128 129 132 131 131 130 134 134 142 137 136 134
  88 131  69  55  60  60  61  59  55  58  53  54  55  63 132 131
  86 123  40   3   3   2   0   2   2   3   2   3   2  17 127 128
  93 130  43   2   2   0   1   1   1   4   2   4   1  10 132 131
  97 130  44   2   0   0   6   4   2   3   2   0   0  16 127 128
 106 131  41   1   0   1 123 121 122 117  18   0   3  13 128 134
 106 131  45   0   0   6 106 113 112 122  21   1   3  17 132 132
  90 130  41   0   0   0   1   2   2   1   0   0   1  15 130 130
  95 126  35   0   0   0   1   3   3   0   0   2   5  11 130 134
 101 125  38   1   0   0   0   1   2   2   1   3   6  17 126 134
 101 124  35   4   1  11  62  65  64  64   6   0   3  20 134 133
  95 127  35   0   0  12 125 131 130 132  24   2   0  14 130 123
 105 129  68  44  41  46 125 133 132 131  53  43  36  48 127 124
 104 136 129 128 130 127 132 129 130 133 128 128 127 130 133 124
  97 125 118 121 119 119 119 119 122 122 120 119 120 120 118 109
  92 116 115 124 120 120 122 121 121 119 123 129 127 122 122 115
 104 132 132 135 132 134 135 135 135 136 135 141 138 140 138 140
 101 132  68  51  51  52  59  59  52  55  53  55  54  65 136 138
 110 132  33   0   0   0   0   0   0   0   1   1   1  14 136 136
 110 132  32   0   0   0   0   0   0   0   0   0   0  12 133 137
 112 131  35   0   0   1   6   5   7   4   1   0   0  14 135 137
 113 132  34   0   0   4 130 130 132 133  23   0   0  15 137 140
 116 131  30   0   0   8 110 118 115 119  21   0   0  13 131 134
 110 132  33   0   0   0   3   4   3   3   0   0   1  10 135 136
 105 128  30   0   0   0   0   0   0   0   0   0   0  15 135 134
 108 130  30   0   0   0   0   0   0   0   0   0   0  10 136 138
 112 131  31   0   0   4  62  60  62  62   6   0   0  10 136 136
 110 130  31   0   0  11 132 132 133 132  21   0   0   9 134 131
 114 129  67  45  42  53 132 133 135 132  54  42  35  50 133 126
 110 129 130 130 133 132 133 136 134 133 133 135 134 132 135 126
 101 118 116 118 118 118 121 120 117 121 117 119 120 115 116 111
  96 122 118 116 118 123 116 123 121 122 122 127 121 121 120 119
 114 137 134 131 136 135 135 136 134 134 138 134 133 134 137 131
 119 131  67  59  53  52  50  59  54  54  58  60  57  73 129 129
 121 135  30   3   2   7   2   1   7   4  11   3   5  23 135 130
 117 133  32   3   4   5   2   5   7   2   0   2   2  22 131 134
 121 132  31   0   3   7  11  17  16  12   9   2   2  20 133 128
 122 130  31   5   8  21 119 126 130 126  25   1   4  21 135 138
 118 131  28   3   3  14 108 112 116 115  25   5   0  19 133 130
 114 128  32   1   2   3  10  16   9  10   4   1   0  13 136 132
 106 127  31   2   1   3   1   0   3   4   6   3   2  22 133 127
 114 126  27   0   3   2   2   2   2   4   3   0   0  15 127 132
 115 129  26   0   0   4  58  54  60  56   6   0   1  18 123 131
 120 124  29   1   3  19 121 126 125 124  22   2   2  20 126 127
 118 123  70  50  52  61 128 129 129 128  62  50  40  56 124 118
 111 121 127 126 126 129 128 129 124 126 134 130 132 129 123 115
 100 110 112 109 112 113 115 112 113 118 112 114 115 110 111 106

 108 134 131 128 131 128 134 132 130 134 134 133 123 124 124 109
 114 136 132 127 132 127 128 132 130 130 126 134 130 127 133 118
 119 137  63  17  10  16  13  17  15  11  17  20  14  48 130 120
 111 142  55   2   1   0   3   3   1   5   6   3   0  36 127 120
 113 134  54   3   4   0   0   1   0   2   3   0   2  43 128 119
 113 134  53   2   2   2  18  21   0   0   1   6  24  53 128 120
 104 130  58   3   4   3 117 122   1   0   2  64 132 131 133 122
 110 131  55   2   1   2 122 112   2   3   2  64 130 132 130 122
 107 131  59   2   1   4 121 113   2   3   1  65 131 133 129 119
 109 132  61   0   1   6 123 106   1   1   0  62 125 125 132 119
 108 129  60   2   0   0   1   6   0   0   0  11  12  46 127 119
 114 128  60   3   2   0   0   0   0   0   0   1   0  41 130 119
 117 130  55   3   2   2   1   0   0   0   1   4   0  44 128 121
 114 131  69  40  43  44  41  45  41  35  38  35  35  68 129 118
 105 129 131 123 130 130 131 131 130 126 125 124 127 129 136 125
  80  91  88  86  93  97 106 106  90  95 101 101  95 105 104  97
 115 140 138 136 137 137 140 134 136 134 138 136 131 126 126 111
 122 138 136 136 133 135 137 131 135 135 136 136 134 133 135 116
 122 140  65  14  12  14  15  13  10  15  10  10   9  50 132 115
 127 138  54   1   0   0   0   0   1   0   0   0   0  35 134 120
 129 141  55   1   0   0   0   0   0   0   0   0   0  42 135 119
 123 135  53   1   0   1  23  21   0   0   0   6  21  54 133 117
 119 136  55   0   0   4 133 119   3   0   0  62 132 132 133 121
 121 135  52   0   0   7 132 115   3   0   0  62 133 135 134 117
 121 135  59   0   0   5 130 118   4   0   0  60 132 133 136 120
 122 135  59   0   0   6 130 110   3   0   0  62 132 132 133 121
 120 134  52   0   0   1   4   8   0   0   0   4  11  53 132 118
 120 132  51   0   0   0   0   0   0   0   0   0   0  42 133 118
 124 135  51   0   0   0   0   0   0   0   0   0   0  45 130 118
 115 132  68  33  32  35  34  30  33  30  30  31  31  67 130 116
 116 132 132 132 132 131 132 131 132 128 130 131 130 129 129 118
  92 104 101 110 110 112 113 116 110 105 108 112 110 114 110 101
 119 131 129 130 134 128 138 130 132 127 132 131 127 118 115 106
 120 137 129 135 131 133 135 133 136 133 127 123 126 124 123 111
 121 134  73  23  22  20  21  19  13  22  15  18  20  56 129 110
 121 133  57   5   2   2   4   0   0   2   0   1   2  40 132 115
 127 134  60   3   2   2   1   5   1   3   0   0   2  50 130 114
 122 138  58  11   0   9  25  25   4   6   3   6  22  62 134 112
 122 134  54   4   2  12 126 115  10   4   4  56 124 128 126 118
 121 134  54   7   7  16 130 116   9   3   2  60 125 129 124 113
 123 136  59   1   5  17 126 112  16   0   2  54 126 129 129 112
 116 135  50   2   2  11 119 108  10   1   2  58 121 128 128 115
 123 135  52   7   5   7  21  14   3   3   2   4  19  61 129 113
 118 136  53   2   4   3   8   3   2   1   3   0   3  52 126 112
 116 131  59   3   3   0   5   3   1   2   0   0   1  50 126 109
 118 134  67  30  32  31  31  28  32  31  27  26  29  70 127 112
 122 137 131 135 133 132 130 131 128 127 126 129 124 123 121 110
  96 114 119 121 117 121 122 118 114 106 114 115 120 118 111 100

 109 118 120 120 119 120 122 122 119 119 119 119 121 118 125  97
 124 133 130 127 128 128 133 130 129 132 127 130 128 129 136 104
 124 127  48  36  43  53 131 132 133 125  46  41  44  68 129 105
 123 130  14   0   2  24 132 130 131 125  12   0   0  35 127  95
 133 134  20   3   0   6  64  64  65  62  11   1   4  35 124 101
 134 126  17   6   3   1   2   2   1   0   0   0   1  38 125 101
 134 130  11   5   2   0   0   3   3   1   0   0   0  35 126  95
 130 130  15   1   0   0   1   2   2   1   0   0   0  41 130  90
 132 132  17   3   1  21 122 112 113 106   6   0   0  45 131 106
 134 128  13   3   0  18 117 122 121 123   1   0   1  41 131 106
 128 127  16   0   0   2   3   2   4   6   0   0   2  44 130  97
 131 132  10   1   4   2   4   1   1   1   0   2   2  43 130  93
 128 127  17   2   3   2   3   2   2   0   2   3   3  40 123  86
 131 132  63  55  54  53  58  55  59  61  60  60  55  69 131  88
 134 136 137 142 134 134 130 131 131 132 129 128 130 131 129  91
 108 114 119 111 113 113 104 110 107 109 108 114 117 114 105  80
 111 116 115 120 119 117 121 117 120 121 118 118 118 116 118 101
 126 135 132 134 135 133 133 134 136 133 132 133 130 130 129 110
 126 133  50  35  42  54 132 135 133 132  53  42  45  67 129 114
 131 134   9   0   0  21 132 133 132 132  11   0   0  31 130 110
 136 136  10   0   0   6  62  62  60  62   4   0   0  31 131 112
 138 136  10   0   0   0   0   0   0   0   0   0   0  30 130 108
 134 135  15   0   0   0   0   0   0   0   0   0   0  30 128 105
 136 135  10   1   0   0   3   3   4   3   0   0   0  33 132 110
 134 131  13   0   0  21 119 115 118 110   8   0   0  30 131 116
 140 137  15   0   0  23 133 132 130 130   4   0   0  34 132 113
 137 135  14   0   0   1   4   7   5   6   1   0   0  35 131 112
 137 133  12   0   0   0   0   0   0   0   0   0   0  32 132 110
 136 136  14   1   1   1   0   0   0   0   0   0   0  33 132 110
 138 136  65  54  55  53  55  52  59  59  52  51  51  68 132 101
 140 138 140 138 141 135 136 135 135 135 134 132 135 132 132 104
 115 122 122 127 129 123 119 121 121 122 120 120 124 115 116  92
 106 111 110 115 114 112 118 113 112 115 113 112 109 112 110 100
 115 123 129 132 130 134 126 124 129 128 129 126 126 127 121 111
 118 124  56  40  50  62 128 129 129 128  61  52  50  70 123 118
 127 126  20   2   2  22 124 125 126 121  19   3   1  29 124 120
 131 123  18   1   0   6  56  60  54  58   4   0   0  26 129 115
 132 127  15   0   0   3   4   2   2   2   2   3   0  27 126 114
 127 133  22   2   3   6   4   3   0   1   3   1   2  31 127 106
 132 136  13   0   1   4  10   9  16  10   3   2   1  32 128 114
 130 133  19   0   5  25 115 116 112 108  14   3   3  28 131 118
 138 135  21   4   1  25 126 130 126 119  21   8   5  31 130 122
 128 133  20   2   2   9  12  16  17  11   7   3   0  31 132 121
 134 131  22   2   2   0   2   7   5   2   5   4   3  32 133 117
 130 135  23   5   3  11   4   7   1   2   7   2   3  30 135 121
 129 129  73  57  60  58  54  54  59  50  52  53  59  67 131 119
 131 137 134 133 134 138 134 134 136 135 135 136 131 134 137 114
 119 120 121 121 127 122 122 121 123 116 123 118 116 118 122  96

  97 104 105  95 101 101  95  90 106 106  97  93  86  88  91  80
 125 136 129 127 124 125 126 130 131 131 130 130 123 131 129 105
 118 129  68  35  35  38  35  41  45  41  44  43  40  69 131 114
 121 128  44   0   4   1   0   0   0   1   2   2   3  55 130 117
 119 130  41   0   1   0   0   0   0   0   0   2   3  60 128 114
 119 127  46  12  11   0   0   0   6   1   0   0   2  60 129 108
 119 132 125 125  62   0   1   1 106 123   6   1   0  61 132 109
 119 129 133 131  65   1   3   2 113 121   4   1   2  59 131 107
 122 130 132 130  64   2   3   2 112 122   2   1   2  55 131 110
 122 133 131 132  64   2   0   1 122 117   3   4   3  58 130 104
 120 128  53  24   6   1   0   0  21  18   2   2   2  53 134 113
 119 128  43   2   0   3   2   0   1   0   0   4   3  54 134 113
 120 127  36   0   3   6   5   1   3   3   0   1   2  55 142 111
 120 130  48  14  20  17  11  15  17  13  16  10  17  63 137 119
 118 133 127 130 134 126 130 130 132 128 127 132 127 132 136 114
 109 124 124 123 133 134 134 130 132 134 128 131 128 131 134 108
 101 110 114 110 112 108 105 110 116 113 112 110 110 101 104  92
 118 129 129 130 131 130 128 132 131 132 131 132 132 132 132 116
 116 130  67  31  31  30  30  33  30  34  35  32  33  68 132 115
 118 130  45   0   0   0   0   0   0   0   0   0   0  51 135 124
 118 133  42   0   0   0   0   0   0   0   0   0   0  51 132 120
 118 132  53  11   4   0   0   0   8   4   1   0   0  52 134 120
 121 133 132 132  62   0   0   3 110 130   6   0   0  59 135 122
 120 136 133 132  60   0   0   4 118 130   5   0   0  59 135 121
 117 134 135 133  62   0   0   3 115 132   7   0   0  52 135 121
 121 133 132 132  62   0   0   3 119 133   4   0   0  55 136 119
 117 133  54  21   6   0   0   0  21  23   1   0   1  53 135 123
 119 135  42   0   0   0   0   0   0   0   0   0   1  55 141 129
 120 134  35   0   0   0   0   1   0   0   0   0   1  54 138 127
 115 132  50   9  10  10  15  10  13  15  14  12  14  65 140 122
 116 135 133 134 136 136 135 135 131 137 135 133 136 136 138 122
 111 126 126 131 136 138 134 136 134 140 137 137 136 138 140 115
 100 111 118 120 115 114 106 114 118 122 121 117 121 119 114  96
 110 121 123 124 129 126 127 128 131 130 132 133 135 131 137 122
 112 127  70  29  26  27  31  32  28  31  31  32  30  67 134 118
 109 126  50   1   0   0   2   1   3   5   0   3   3  59 131 116
 112 126  52   3   0   3   1   2   3   8   3   4   2  53 136 118
 113 129  61  19   4   2   3   3  14  21   7   5   7  52 135 123
 115 128 128 121  58   2   1  10 108 119  11   2   2  50 135 116
 112 129 129 126  54   2   0  16 112 126  17   5   1  59 136 123
 113 124 129 125  60   2   3   9 116 130  16   7   7  54 134 121
 118 126 128 124  56   4   4  10 115 126  12   2   4  54 134 122
 112 134  62  22   6   3   6   4  25  25   9   0  11  58 138 122
 114 130  50   2   0   0   3   1   5   1   2   2   3  60 134 127
 115 132  40   2   1   0   2   0   0   4   2   2   5  57 133 121
 110 129  56  20  18  15  22  13  19  21  20  22  23  73 134 121
 111 123 124 126 123 127 133 136 133 135 133 131 135 129 137 120
 106 115 118 127 131 132 127 132 130 138 128 134 130 129 131 119

