 104 133 121 121 131 129 127 126 123 126 120 131 125 128 115 119
  94 138 137 138 139 140 136 143 142 143 143 140 140 144 140 143
 110 138  80  60  64  46 140 141 147 144 142 140 139 139 143 138
 114 142  42   1   4  11 137 140 139 143 143 142 144 137 141 134
 111 140  36   4   0   9 141 145 143 146 145 140 140 139 146 142
 114 142  45   1   1   4 138 141 143 145 144 141 136 143 144 131
 113 140  46   3   4   9 139 143 140 141 137 138 140 144 144 135
 116 140  42   0   2   4 136 146 136 142 142 139 140 138 137 128
 119 138  38   1   3  10 137 144 141 138 138 139 137 143 142 131
 120 144  40   2   2  12 141 142 145 141 142 139 137 140 139 134
 115 145  37   0   2   7 139 140 142 143 139 137 141 139 143 130
 111 143  45   2   0   4 133 139 142 135 134 142 144 137 139 134
 113 137  41   0   2  14 130 133 139 135 137 140 140 138 139 134
 120 140  80  57  57  60 146 139 142 142 134 139 140 139 139 133
 113 138 137 145 142 143 145 140 141 137 140 139 136 140 141 125
  92 114 118 119 115 114 125 121 123 120 123 113 119 130 123 102
 114 139 131 120 131 132 128 131 133 129 128 129 131 126 123 124
 111 143 143 144 140 143 147 144 147 145 145 145 142 145 143 139
 116 144  80  63  62  44 143 145 144 144 145 144 143 143 143 140
 121 142  39   1   1   8 141 144 146 145 144 142 141 142 140 140
 116 142  39   1   3  12 139 145 143 144 143 142 141 141 142 144
 124 142  40   0   0   3 141 145 142 142 141 143 143 142 142 130
 119 141  36   0   1   4 137 142 144 142 145 145 142 141 141 133
 119 142  34   1   0   6 139 144 143 142 142 143 143 142 143 133
 124 144  38   1   2   9 141 144 143 142 143 144 144 140 141 133
 120 143  35   1   1  10 141 144 143 143 145 143 142 141 141 135
 121 139  33   1   0   5 140 143 143 137 142 142 141 142 141 131
 120 141  37   1   2   5 138 142 140 141 140 140 141 142 141 133
 119 142  32   1   2  11 139 142 140 140 140 142 139 139 141 132
 126 140  75  57  52  60 138 143 140 141 140 142 141 141 140 133
 110 138 139 140 140 141 141 142 139 141 139 141 139 137 135 133
 104 117 117 128 116 123 124 125 123 122 125 119 122 123 117 110
 110 127 118 115 119 123 114 121 125 125 119 120 119 114 119 116
 110 136 133 133 133 133 137 143 134 133 140 138 141 136 139 124
 115 135  83  71  66  50 131 138 141 137 140 143 137 142 137 130
 118 134  37   5   3  18 135 141 141 135 137 140 137 141 138 128
 120 137  44   1   7  14 132 135 135 134 139 137 140 138 133 130
 126 130  37   3   3   4 135 137 136 133 137 136 135 140 137 121
 117 137  30   1   2   5 135 136 136 133 135 134 131 133 132 118
 117 133  30   1   4  13 133 132 136 134 133 138 133 138 137 122
 126 136  47   0   3  19 130 139 142 136 133 135 135 132 131 117
 110 131  31   1   3  14 130 133 133 134 135 136 139 137 133 119
 124 131  32   1   4  12 133 130 132 131 135 136 134 133 131 122
 121 129  37   6  11  11 128 129 129 131 136 128 131 131 131 112
 114 129  27   3   2  16 125 131 130 132 129 131 132 130 132 118
 121 127  69  53  49  59 125 133 132 133 132 132 131 125 123 123
 110 125 128 124 131 130 132 136 128 128 130 127 131 124 127 119
 106 114 115 120 114 112 117 117 113 116 113 112 115 111 110 102

 119 143 138 134 142 131 135 128 131 134 130 134 134 133 125 102
 115 140 143 141 146 144 144 137 142 139 143 139 139 139 141 123
 128 144 139 137 139 143 144 138 143 140 139 137 138 139 140 130
 125 140 139 144 140 136 140 140 137 137 141 144 140 140 136 119
 131 140 140 142 140 141 138 139 139 139 137 142 140 139 139 113
 120 143 142 143 145 144 137 142 138 142 139 134 137 134 140 123
 126 143 144 143 146 145 141 142 138 141 143 135 135 142 137 120
 123 142 147 139 143 143 140 136 141 145 142 142 139 142 141 123
 126 143 141 140 145 141 143 146 144 142 140 139 133 139 140 121
 127 136 140 137 141 138 139 136 137 141 139 133 130 146 145 125
 129 140  46  11   9   4   9   4  10  12   7   4  14  60 143 114
 131 139  64   4   0   1   4   2   3   2   2   0   2  57 142 115
 121 138  60   1   4   1   3   0   1   2   0   2   0  57 145 119
 121 137  80  42  36  45  46  42  38  40  37  45  41  80 137 118
 133 138 138 142 140 142 140 140 138 144 145 143 137 140 138 114
 104  94 110 114 111 114 113 116 119 120 115 111 113 120 113  92
 124 139 140 140 144 130 133 133 133 135 131 133 132 133 133 110
 123 143 143 140 142 142 141 143 141 141 141 141 141 140 135 117
 126 145 143 142 141 142 141 142 140 141 142 142 139 141 137 123
 131 142 143 141 141 143 142 143 144 142 141 141 139 141 139 122
 129 145 144 142 142 143 145 143 144 143 142 140 142 142 141 119
 128 145 145 144 143 141 145 142 143 145 142 140 140 140 139 125
 129 145 144 145 144 142 142 142 142 143 137 141 140 141 141 122
 133 147 144 146 143 142 144 143 143 143 143 140 140 140 139 123
 131 144 145 144 145 145 142 144 144 144 143 142 142 143 142 125
 128 147 143 141 139 141 137 139 141 141 140 138 139 138 141 124
 132 143  44   8  12   3   4   6   9  10   5   5  11  60 141 123
 131 140  62   1   3   0   1   0   2   1   0   2   2  52 140 116
 120 144  63   1   1   0   0   1   1   1   1   1   1  57 140 128
 131 143  80  39  39  40  36  34  38  35  33  37  32  75 139 117
 139 143 144 142 142 142 141 142 144 143 139 141 142 140 138 117
 114 111 116 121 116 124 119 119 124 120 121 120 119 126 110 104
 116 124 130 128 130 121 118 122 117 119 122 112 118 123 119 102
 119 139 137 138 133 137 132 137 131 133 131 131 132 123 127 110
 114 136 142 141 138 140 133 138 132 137 133 131 130 125 124 111
 119 141 137 137 140 135 131 133 135 139 134 131 132 131 131 115
 120 138 143 140 137 136 134 138 135 136 136 128 131 132 127 112
 119 140 140 137 139 137 135 133 133 135 135 136 129 132 130 113
 125 133 137 135 134 133 133 134 136 134 131 131 132 133 128 116
 125 134 141 141 135 136 136 136 142 133 132 129 130 132 128 113
 121 143 138 141 135 137 136 132 139 133 130 129 131 133 136 117
 114 137 131 135 132 135 135 133 130 130 133 128 125 125 132 117
 123 133  50  18  14   4   5  13  19  14  12  11  16  59 130 112
 119 133  66   3   7   3   2   4   3   3   4  11   2  49 131 114
 115 133  71   5   1   3   1   1   0   1   1   6   3  53 124 120
 118 133  83  37  44  37  30  30  47  31  32  37  27  69 128 115
 127 136 135 134 137 130 137 133 136 131 131 129 129 127 125 114
 110 110 115 118 120 126 117 117 126 110 124 121 114 121 110 106

 102 123 130 119 113 123 120 123 121 125 114 115 119 118 114  92
 125 141 140 136 139 140 137 141 140 145 143 142 145 137 138 113
 133 139 139 140 139 134 142 142 139 146  60  57  57  80 140 120
 134 139 138 140 140 137 135 139 133 130  14   2   0  41 137 113
 134 139 137 144 142 134 135 142 139 133   4   0   2  45 143 111
 130 143 139 141 137 139 143 142 140 139   7   2   0  37 145 115
 134 139 140 137 139 142 141 145 142 141  12   2   2  40 144 120
 131 142 143 137 139 138 138 141 144 137  10   3   1  38 138 119
 128 137 138 140 139 142 142 136 146 136   4   2   0  42 140 116
 135 144 144 140 138 137 141 140 143 139   9   4   3  46 140 113
 131 144 143 136 141 144 145 143 141 138   4   1   1  45 142 114
 142 146 139 140 140 145 146 143 145 141   9   0   4  36 140 111
 134 141 137 144 142 143 143 139 140 137  11   4   1  42 142 114
 138 143 139 139 140 142 144 147 141 140  46  64  60  80 138 110
 143 140 144 140 140 143 143 142 143 136 140 139 138 137 138  94
 119 115 128 125 131 120 126 123 126 127 129 131 121 121 133 104
 110 117 123 122 119 125 122 123 125 124 123 116 128 117 117 104
 133 135 137 139 141 139 141 139 142 141 141 140 140 139 138 110
 133 140 141 141 142 140 141 140 143 138  60  52  57  75 140 126
 132 141 139 139 142 140 140 140 142 139  11   2   1  32 142 119
 133 141 142 141 140 140 141 140 142 138   5   2   1  37 141 120
 131 141 142 141 142 142 137 143 143 140   5   0   1  33 139 121
 135 141 141 142 143 145 143 143 144 141  10   1   1  35 143 120
 133 141 140 144 144 143 142 143 144 141   9   2   1  38 144 124
 133 143 142 143 143 142 142 143 144 139   6   0   1  34 142 119
 133 141 141 142 145 145 142 144 142 137   4   1   0  36 141 119
 130 142 142 143 143 141 142 142 145 141   3   0   0  40 142 124
 144 142 141 141 142 143 144 143 145 139  12   3   1  39 142 116
 140 140 142 141 142 144 145 146 144 141   8   1   1  39 142 121
 140 143 143 143 144 145 144 144 145 143  44  62  63  80 144 116
 139 143 145 142 145 145 145 147 144 147 143 140 144 143 143 111
 124 123 126 131 129 128 129 133 131 128 132 131 120 131 139 114
 102 110 111 115 112 113 116 113 117 117 112 114 120 115 114 106
 119 127 124 131 127 130 128 128 136 132 130 131 124 128 125 110
 123 123 125 131 132 132 133 132 133 125  59  49  53  69 127 121
 118 132 130 132 131 129 132 130 131 125  16   2   3  27 129 114
 112 131 131 131 128 136 131 129 129 128  11  11   6  37 129 121
 122 131 133 134 136 135 131 132 130 133  12   4   1  32 131 124
 119 133 137 139 136 135 134 133 133 130  14   3   1  31 131 110
 117 131 132 135 135 133 136 142 139 130  19   3   0  47 136 126
 122 137 138 133 138 133 134 136 132 133  13   4   1  30 133 117
 118 132 133 131 134 135 133 136 136 135   5   2   1  30 137 117
 121 137 140 135 136 137 133 136 137 135   4   3   3  37 130 126
 130 133 138 140 137 139 134 135 135 132  14   7   1  44 137 120
 128 138 141 137 140 137 135 141 141 135  18   3   5  37 134 118
 130 137 142 137 143 140 137 141 138 131  50  66  71  83 135 115
 124 139 136 141 138 140 133 134 143 137 133 133 133 133 136 110
 116 119 114 119 120 119 125 125 121 114 123 119 115 118 127 110

  92 113 120 113 111 115 120 119 116 113 114 111 114 110  94 104
 114 138 140 137 143 145 144 138 140 140 142 140 142 138 138 133
 118 137  80  41  45  37  40  38  42  46  45  36  42  80 137 121
 119 145  57   0   2   0   2   1   0   3   1   4   1  60 138 121
 115 142  57   2   0   2   2   3   2   4   1   0   4  64 139 131
 114 143  60  14   4   7  12  10   4   9   4   9  11  46 140 129
 125 145 146 130 133 139 141 137 136 139 138 141 137 140 136 127
 121 140 139 133 139 140 142 144 146 143 141 145 140 141 143 126
 123 141 142 139 142 142 145 141 136 140 143 143 139 147 142 123
 120 137 142 135 135 143 141 138 142 141 145 146 143 144 143 126
 123 140 134 137 134 139 142 138 142 137 144 145 143 142 143 120
 113 139 139 140 142 137 139 139 139 138 141 140 142 140 140 131
 119 136 140 140 144 141 137 137 140 140 136 140 144 139 140 125
 130 140 139 138 137 139 140 143 138 144 143 139 137 139 144 128
 123 141 139 139 139 143 139 142 137 144 144 146 141 143 140 115
 102 125 133 134 134 130 134 131 128 135 131 142 134 138 143 119
 104 110 126 119 120 121 120 124 119 119 124 116 121 116 111 114
 117 138 140 142 141 139 143 144 142 141 142 142 142 144 143 139
 117 139  75  32  37  33  35  38  34  36  40  39  39  80 143 131
 128 140  57   1   1   1   1   1   1   0   0   1   1  63 144 120
 116 140  52   2   2   0   1   2   0   1   0   3   1  62 140 131
 123 141  60  11   5   5  10   9   6   4   3  12   8  44 143 132
 124 141 138 139 138 140 141 141 139 137 141 139 141 143 147 128
 125 142 143 142 142 143 144 144 144 142 145 145 144 145 144 131
 123 139 140 140 140 143 143 143 143 144 142 143 146 144 147 133
 122 141 141 140 141 137 143 142 142 142 142 144 145 144 145 129
 125 139 140 140 140 142 145 143 142 145 141 143 144 145 145 128
 119 141 142 142 140 142 143 144 143 145 143 142 142 144 145 129
 122 139 141 139 141 141 142 144 143 142 143 141 141 143 142 131
 123 137 141 139 142 142 141 140 142 141 142 141 142 143 145 126
 117 135 140 141 141 141 141 141 143 141 142 142 140 143 143 123
 110 133 133 132 133 131 135 133 133 133 130 144 140 140 139 124
 106 110 121 114 121 124 110 126 117 117 126 120 118 115 110 110
 114 125 127 129 129 131 131 136 133 137 130 137 134 135 136 127
 115 128  69  27  37  32  31  47  30  30  37  44  37  83 133 118
 120 124  53   3   6   1   1   0   1   1   3   1   5  71 133 115
 114 131  49   2  11   4   3   3   4   2   3   7   3  66 133 119
 112 130  59  16  11  12  14  19  13   5   4  14  18  50 133 123
 117 132 125 125 128 133 130 130 133 135 135 132 135 131 137 114
 117 136 133 131 129 130 133 139 132 136 137 135 141 138 143 121
 113 128 132 130 129 132 133 142 136 136 136 135 141 141 134 125
 116 128 133 132 131 131 134 136 134 133 133 134 135 137 133 125
 113 130 132 129 136 135 135 133 133 135 137 139 137 140 140 119
 112 127 132 131 128 136 136 135 138 134 136 137 140 143 138 120
 115 131 131 132 131 134 139 135 133 131 135 140 137 137 141 119
 111 124 125 130 131 133 137 132 138 133 140 138 141 142 136 114
 110 127 123 132 131 131 133 131 137 132 137 133 138 137 139 119
 102 119 123 118 112 122 119 117 122 118 121 130 128 130 124 116

