  88 119 117 107 103 109 100 103 106  96 100  96  95  98  90  96
 110 144 138 143 138 139 145 141 145 139 140 135 142 145 140 130
 106 143  67  45  58  60  62  59  62  69  62  64  63  67 134 131
 107 148  26   0   2   1   1   4   2   3   0   0   1  22 137 135
 109 146  30   0  49  71  77  73  73  67  67  53   2  19 141 138
 110 146  34   5  98 140 142 142 142 145 144 102   2  18 142 138
 108 143  30   4 102 145 140 140 138 140 144 104   2  21 137 132
 106 139  28   0 100 129 140 141 140 140 139  98   3  25 145 137
 113 140  30   3   6  11  84 142 146  92   9   4   4  24 142 138
 106 138  27   1   0   0  86 145 143  90   0   0   3  24 145 124
 108 139  22   6   3   7  86 142 142  88   3   5   2  23 143 130
 112 141  16   0   1   2  65 105 115  67   0   0   1  28 140 130
 106 135  35   3   1   2   0   4   2   1   3   3   0  25 136 125
 112 140  51  31  27  28  22  24  28  31  25  23  23  39 134 127
 117 142 145 136 144 143 137 139 142 142 144 144 144 143 136 131
  97 125 131 127 124 133 133 132 130 132 127 125 128 130 128 127
  95 120 116 111 106 112 109 108 106 101 107  99 105 100  96 103
 111 146 146 146 145 144 144 145 143 146 147 146 143 143 145 136
 108 142  72  48  60  59  59  65  59  64  68  67  68  71 141 133
 110 145  28   1   1   1   1   3   1   1   3   2   1  16 140 139
 117 145  30   0  53  73  73  73  72  67  69  59   1  16 142 139
 118 146  26   0 105 146 144 145 144 144 145 113   0  19 142 138
 113 146  15   2 108 146 147 146 148 146 143 113   0  25 141 136
 120 147  24   2 104 141 140 147 147 142 141 106   2  21 139 134
 123 145  27   0   6   9  88 146 146  96   9   6   0  19 138 138
 115 142  26   0   0   1  85 145 146  94   1   0   0  16 138 129
 115 144  26   0   0   1  87 145 146  94   0   1   0  19 137 132
 123 144  18   0   0   0  74 113 116  77   0   0   1  22 138 133
 114 143  25   0   0   0   1   1   3   4   0   0   2  21 136 128
 116 143  43  25  24  23  22  18  18  22  22  22  22  37 136 126
 121 140 138 138 137 141 141 138 139 141 139 138 137 137 139 129
 101 130 132 131 130 132 139 130 136 134 130 132 135 131 128 121
  93 109 108 107  95 105 102 101 101  92 103  95  99  96  93  99
 103 135 139 135 132 134 135 135 137 131 139 138 135 139 134 126
 109 134  72  55  60  59  61  68  62  60  70  71  68  69 131 126
 113 134  34   9   4   3   0   4   7   2   8   9   8  21 128 128
 116 131  31   4  46  69  67  68  68  62  63  50   5  20 128 120
 115 132  32   3 104 136 136 137 136 132 133 105   7  23 126 119
 112 137  12   7 101 133 139 136 133 133 131 107  10  29 125 117
 109 138  22   3 100 129 131 133 134 129 130  91   7  23 122 118
 121 136  25   0  10  18  87 137 134  86  21  19   3  29 124 124
 114 127  27   3   2   0  93 133 133  81   1   3   1  22 121 121
 118 130  20   2   2   0  85 131 132  80   2   2   2  20 117 117
 123 126  20   2   1   4  81 107 107  74   4   2   0  30 127 116
 110 128  24   0   3   5   5  11   7   6   5   3   4  26 121 116
 115 129  34  21  22  25  26  19  14  14  21  22  25  42 124 117
 116 132 124 125 117 122 128 121 118 119 119 124 118 123 127 113
  96 118 119 122 125 117 125 119 120 119 121 125 127 121 120 111

  96 130 131 135 138 138 132 137 138 124 130 130 125 127 131 127
  90 140 134 137 141 142 137 145 142 145 143 140 136 134 136 128
  98 145  67  22  19  18  21  25  24  24  23  28  25  39 143 130
  95 142  63   1   2   2   2   3   4   3   2   1   0  23 144 128
  96 135  64   0  53 102 104  98   4   0   5   0   3  23 144 125
 100 140  62   0  67 144 144 139   9   0   3   0   3  25 144 127
  96 139  69   3  67 145 140 140  92  90  88  67   1  31 142 132
 106 145  62   2  73 142 138 140 146 143 142 115   2  28 142 130
 103 141  59   4  73 142 140 141 142 145 142 105   4  24 139 132
 100 145  62   1  77 142 140 140  84  86  86  65   0  22 137 133
 109 139  60   1  71 140 145 129  11   0   7   2   2  28 143 133
 103 138  58   2  49  98 102 100   6   0   3   1   1  27 144 124
 107 143  45   0   0   5   4   0   3   1   6   0   3  31 136 127
 117 138  67  26  30  34  30  28  30  27  22  16  35  51 145 131
 119 144 143 148 146 146 143 139 140 138 139 141 135 140 142 125
  88 110 106 107 109 110 108 106 113 106 108 112 106 112 117  97
 103 136 133 139 139 138 136 134 138 129 132 133 128 126 129 121
  96 145 141 140 142 142 141 139 138 138 137 138 136 136 139 128
 100 143  71  16  16  19  25  21  19  16  19  22  21  37 137 131
 105 143  68   1   1   0   0   2   0   0   0   1   2  22 137 135
  99 146  67   2  59 113 113 106   6   0   1   0   0  22 138 132
 107 147  68   3  69 145 143 141   9   1   0   0   0  22 139 130
 101 146  64   1  67 144 146 142  96  94  94  77   4  22 141 134
 106 143  59   1  72 144 148 147 146 146 146 116   3  18 139 136
 108 145  65   3  73 145 146 147 146 145 145 113   1  18 138 130
 109 144  59   1  73 144 147 140  88  85  87  74   1  22 141 139
 112 144  59   1  73 146 146 141   9   1   1   0   0  23 141 132
 106 145  60   1  53 105 108 104   6   0   0   0   0  24 137 130
 111 146  48   1   0   0   2   2   0   0   0   0   0  25 138 131
 116 146  72  28  30  26  15  24  27  26  26  18  25  43 138 132
 120 146 142 145 145 146 146 147 145 142 144 144 143 143 140 130
  95 111 108 110 117 118 113 120 123 115 115 123 114 116 121 101
  99 126 126 128 120 119 117 118 124 121 117 116 116 117 113 111
  93 134 131 128 128 126 125 122 124 121 117 127 121 124 127 120
  96 139  69  21  20  23  29  23  29  22  20  30  26  42 123 121
  99 135  68   8   5   7  10   7   3   1   2   0   4  25 118 127
  95 138  71   9  50 105 107  91  19   3   2   2   3  22 124 125
 103 139  70   8  63 133 131 130  21   1   2   4   5  21 119 121
  92 131  60   2  62 132 133 129  86  81  80  74   6  14 119 119
 101 137  62   7  68 136 133 134 134 133 132 107   7  14 118 120
 101 135  68   4  68 137 136 133 137 133 131 107  11  19 121 119
 102 135  61   0  67 136 139 131  87  93  85  81   5  26 128 125
 105 134  59   3  69 136 133 129  18   0   0   4   5  25 122 117
  95 132  60   4  46 104 101 100  10   2   2   1   3  22 117 125
 107 135  55   9   4   3   7   3   0   3   2   2   0  21 125 122
 108 139  72  34  31  32  12  22  25  27  20  20  24  34 124 119
 109 135 134 134 131 132 137 138 136 127 130 126 128 129 132 118
  93 103 109 113 116 115 112 109 121 114 118 123 110 115 116  96

 127 128 130 128 125 127 132 130 132 133 133 124 127 131 125  97
 131 136 143 144 144 144 142 142 139 137 143 144 136 145 142 117
 127 134  39  23  23  25  31  28  24  22  28  27  31  51 140 112
 125 136  25   0   3   3   1   2   4   0   2   1   3  35 135 106
 130 140  28   1   0   0  67 115 105  65   2   1   0  16 141 112
 130 143  23   2   5   3  88 142 142  86   7   3   6  22 139 108
 124 145  24   3   0   0  90 143 145  86   0   0   1  27 138 106
 138 142  24   4   4   9  92 146 142  84  11   6   3  30 140 113
 137 145  25   3  98 139 140 140 141 140 129 100   0  28 139 106
 132 137  21   2 104 144 140 138 140 140 145 102   4  30 143 108
 138 142  18   2 102 144 145 142 142 142 140  98   5  34 146 110
 138 141  19   2  53  67  67  73  73  77  71  49   0  30 146 109
 135 137  22   1   0   0   3   2   4   1   1   2   0  26 148 107
 131 134  67  63  64  62  69  62  59  62  60  58  45  67 143 106
 130 140 145 142 135 140 139 145 141 145 139 138 143 138 144 110
  96  90  98  95  96 100  96 106 103 100 109 103 107 117 119  88
 121 128 131 135 132 130 134 136 130 139 132 130 131 132 130 101
 129 139 137 137 138 139 141 139 138 141 141 137 138 138 140 121
 126 136  37  22  22  22  22  18  18  22  23  24  25  43 143 116
 128 136  21   2   0   0   4   3   1   1   0   0   0  25 143 114
 133 138  22   1   0   0  77 116 113  74   0   0   0  18 144 123
 132 137  19   0   1   0  94 146 145  87   1   0   0  26 144 115
 129 138  16   0   0   1  94 146 145  85   1   0   0  26 142 115
 138 138  19   0   6   9  96 146 146  88   9   6   0  27 145 123
 134 139  21   2 106 141 142 147 147 140 141 104   2  24 147 120
 136 141  25   0 113 143 146 148 146 147 146 108   2  15 146 113
 138 142  19   0 113 145 144 144 145 144 146 105   0  26 146 118
 139 142  16   1  59  69  67  72  73  73  73  53   0  30 145 117
 139 140  16   1   2   3   1   1   3   1   1   1   1  28 145 110
 133 141  71  68  67  68  64  59  65  59  59  60  48  72 142 108
 136 145 143 143 146 147 146 143 145 144 144 145 146 146 146 111
 103  96 100 105  99 107 101 106 108 109 112 106 111 116 120  95
 111 120 121 127 125 121 119 120 119 125 117 125 122 119 118  96
 113 127 123 118 124 119 119 118 121 128 122 117 125 124 132 116
 117 124  42  25  22  21  14  14  19  26  25  22  21  34 129 115
 116 121  26   4   3   5   6   7  11   5   5   3   0  24 128 110
 116 127  30   0   2   4  74 107 107  81   4   1   2  20 126 123
 117 117  20   2   2   2  80 132 131  85   0   2   2  20 130 118
 121 121  22   1   3   1  81 133 133  93   0   2   3  27 127 114
 124 124  29   3  19  21  86 134 137  87  18  10   0  25 136 121
 118 122  23   7  91 130 129 134 133 131 129 100   3  22 138 109
 117 125  29  10 107 131 133 133 136 139 133 101   7  12 137 112
 119 126  23   7 105 133 132 136 137 136 136 104   3  32 132 115
 120 128  20   5  50  63  62  68  68  67  69  46   4  31 131 116
 128 128  21   8   9   8   2   7   4   0   3   4   9  34 134 113
 126 131  69  68  71  70  60  62  68  61  59  60  55  72 134 109
 126 134 139 135 138 139 131 137 135 135 134 132 135 139 135 103
  99  93  96  99  95 103  92 101 101 102 105  95 107 108 109  93

  97 117 112 106 112 108 106 113 106 108 110 109 107 106 110  88
 125 142 140 135 141 139 138 140 139 143 146 146 148 143 144 119
 131 145  51  35  16  22  27  30  28  30  34  30  26  67 138 117
 127 136  31   3   0   6   1   3   0   4   5   0   0  45 143 107
 124 144  27   1   1   3   0   6 100 102  98  49   2  58 138 103
 133 143  28   2   2   7   0  11 129 145 140  71   1  60 139 109
 133 137  22   0  65  86  86  84 140 140 142  77   1  62 145 100
 132 139  24   4 105 142 145 142 141 140 142  73   4  59 141 103
 130 142  28   2 115 142 143 146 140 138 142  73   2  62 145 106
 132 142  31   1  67  88  90  92 140 140 145  67   3  69 139  96
 127 144  25   3   0   3   0   9 139 144 144  67   0  62 140 100
 125 144  23   3   0   5   0   4  98 104 102  53   0  64 135  96
 128 144  23   0   1   2   3   4   3   2   2   2   1  63 142  95
 130 143  39  25  28  23  24  24  25  21  18  19  22  67 145  98
 128 136 134 136 140 143 145 142 145 137 142 141 137 134 140  90
 127 131 127 125 130 130 124 138 137 132 138 138 135 131 130  96
 101 121 116 114 123 115 115 123 120 113 118 117 110 108 111  95
 130 140 143 143 144 144 142 145 147 146 146 145 145 142 146 120
 132 138  43  25  18  26  26  27  24  15  26  30  28  72 146 116
 131 138  25   0   0   0   0   0   2   2   0   0   1  48 146 111
 130 137  24   0   0   0   0   6 104 108 105  53   1  60 145 106
 132 141  23   0   0   1   1   9 141 146 146  73   1  59 144 112
 139 141  22   1  74  87  85  88 140 147 144  73   1  59 144 109
 130 138  18   1 113 145 145 146 147 146 145  73   3  65 145 108
 136 139  18   3 116 146 146 146 147 148 144  72   1  59 143 106
 134 141  22   4  77  94  94  96 142 146 144  67   1  64 146 101
 130 139  22   0   0   0   1   9 141 143 145  69   3  68 147 107
 132 138  22   0   0   1   0   6 106 113 113  59   2  67 146  99
 135 137  22   2   1   0   0   0   2   0   0   1   1  68 143 105
 131 137  37  21  22  19  16  19  21  25  19  16  16  71 143 100
 128 139 136 136 138 137 138 138 139 141 142 142 140 141 145  96
 121 129 126 128 133 132 129 138 134 136 138 139 139 133 136 103
  96 116 115 110 123 118 114 121 109 112 115 116 113 109 103  93
 118 132 129 128 126 130 127 136 138 137 132 131 134 134 135 109
 119 124  34  24  20  20  27  25  22  12  32  31  34  72 139 108
 122 125  21   0   2   2   3   0   3   7   3   4   9  55 135 107
 125 117  22   3   1   2   2  10 100 101 104  46   4  60 132  95
 117 122  25   5   4   0   0  18 129 133 136  69   3  59 134 105
 125 128  26   5  81  85  93  87 131 139 136  67   0  61 135 102
 119 121  19  11 107 131 133 137 133 136 137  68   4  68 135 101
 120 118  14   7 107 132 133 134 134 133 136  68   7  62 137 101
 119 119  14   6  74  80  81  86 129 133 132  62   2  60 131  92
 121 119  21   5   4   2   1  21 130 131 133  63   8  70 139 103
 125 124  22   3   2   2   3  19  91 107 105  50   9  71 138  95
 127 118  25   4   0   2   1   3   7  10   7   5   8  68 135  99
 121 123  42  26  30  20  22  29  23  29  23  20  21  69 139  96
 120 127 124 121 127 117 121 124 122 125 126 128 128 131 134  93
 111 113 117 116 116 117 121 124 118 117 119 120 128 126 126  99

