  87 130 124 117 118 124 118 117 122 118 115 118 111 112 125 119
 103 138 140 141 137 141 138 137 138 135 139 140 136 138 145 144
  99 138  91  56  59  61  62  59  63  70  67  67  63  93 138 136
  99 137  54   5   0   0   2   6   5   3   2   7   4  61 137 134
  96 135  51   0   0   1   2   1   5   3   4   0   1  64 135 140
 100 139  53   0   0   3   7   2  11   8   5   9   5  76 139 140
  93 134  57   0   1   2 121 138 130 125 126 119 121 129 141 142
 102 142  58   0   0   3  96 101 110 109 130 143 138 138 138 133
 107 132  47   0   3   6   1   4   9   9  90 140 143 137 142 132
 105 141  62   0   2   2   1   4   2  10  77 141 140 137 142 132
  90 138  61   0   2   3   2   2   5   1  75 139 137 137 141 136
 104 137  57   1   0   7  68  74  68  74 113 143 142 138 139 136
  98 135  45   2   0   2 125 139 141 137 139 137 143 135 138 135
  94 133  73  61  55  60 127 137 137 136 141 138 136 137 137 137
 102 140 140 136 137 136 141 140 139 134 138 139 132 134 137 133
  99 126 123 124 129 127 132 129 135 135 137 138 132 126 129 121
  99 135 133 132 130 131 129 129 126 128 124 123 121 122 128 125
 112 142 142 143 140 144 141 142 142 145 143 139 145 142 144 142
 109 142  85  59  61  66  65  68  70  72  69  69  65  96 141 140
 111 142  54   1   5   3   5   1   2   2   2   2   0  60 142 140
 112 142  47   2   2   2   2   0   2   2   0   1   0  66 145 139
 115 141  52   2   3   2   7   2   4   3   1   3   1  69 144 142
 109 140  49   2   4   6 132 137 137 134 132 133 131 135 143 140
 108 138  42   2   1   6 102 108 109 115 132 143 144 140 143 138
 118 141  37   0   0   0   3   4   7   5  99 144 142 144 142 136
 110 139  45   0   0   1   1   0   3   1  79 142 143 143 143 137
 109 139  49   0   0   1   1   2   2   2  83 143 144 143 143 139
 113 142  44   0   1   4  64  70  71  70 115 144 144 143 145 140
 110 140  43   0   3   5 132 144 143 142 145 144 144 144 142 138
 107 141  75  51  50  57 136 142 143 142 141 144 142 142 141 138
 114 139 142 141 141 142 143 142 140 141 141 140 140 140 137 136
 103 128 132 134 134 132 132 136 134 137 134 132 133 128 129 117
 101 124 127 120 125 119 126 118 124 117 118 119 120 117 118 110
 113 139 135 134 138 132 136 140 137 137 136 137 139 140 136 129
 119 139  84  70  67  71  74  78  75  76  77  66  62  99 140 134
 121 140  48   7   5   9   5   9  11   7   4   3   5  62 137 135
 120 136  48   8  13   8   9   2   6   2   2   8   6  66 135 128
 118 132  53   6  11   5  16  12   6   8  11  12   7  65 138 133
 116 134  46   2   2  12 124 121 125 122 120 122 122 125 133 130
 116 133  36   7   6  11 105 110 105 116 124 133 134 136 138 125
 120 132  32   2   1   0   6  11  12  11 102 139 134 135 134 126
 103 133  36   8   3   0   3   5   3   5  82 137 139 138 135 127
 117 135  46   5   3   4   3   1   3   6  86 136 137 136 133 127
 120 127  37   9   5   4  67  71  72  72 106 140 137 138 138 131
 115 128  41   3  10  17 133 135 135 140 136 142 133 137 135 132
 114 134  74  46  45  50 127 136 133 139 136 137 140 138 135 130
 117 134 130 135 132 134 132 136 131 131 130 129 130 136 134 123
 104 125 125 123 123 124 121 126 122 129 120 123 120 115 114 104

 119 144 136 134 140 140 142 133 132 132 136 136 135 137 133 121
 125 145 138 137 135 139 141 138 142 142 141 139 138 137 137 129
 112 138  93  61  64  76 129 138 137 137 137 138 135 137 134 126
 111 136  63   4   1   5 121 138 143 140 137 142 143 136 132 132
 118 140  67   7   0   9 119 143 140 141 139 143 137 138 139 138
 115 139  67   2   4   5 126 130  90  77  75 113 139 141 138 137
 118 135  70   3   3   8 125 109   9  10   1  74 137 136 134 135
 122 138  63   5   5  11 130 110   9   2   5  68 141 137 139 135
 117 137  59   6   1   2 138 101   4   4   2  74 139 137 140 129
 118 138  62   2   2   7 121  96   1   1   2  68 125 127 141 132
 124 141  61   0   1   3   2   3   6   2   3   7   2  60 136 127
 118 137  59   0   0   0   1   0   3   2   2   0   0  55 137 129
 117 141  56   5   0   0   0   0   0   0   0   1   2  61 136 124
 124 140  91  54  51  53  57  58  47  62  61  57  45  73 140 123
 130 138 138 137 135 139 134 142 132 141 138 137 135 133 140 126
  87 103  99  99  96 100  93 102 107 105  90 104  98  94 102  99
 125 142 140 140 139 142 140 138 136 137 139 140 138 138 136 117
 128 144 141 142 145 144 143 143 142 143 143 145 142 141 137 129
 122 142  96  60  66  69 135 140 144 143 143 143 144 142 140 128
 121 145  65   0   0   1 131 144 142 143 144 144 144 142 140 133
 123 139  69   2   1   3 133 143 144 142 143 144 144 144 140 132
 124 143  69   2   0   1 132 132  99  79  83 115 145 141 141 134
 128 145  72   2   2   3 134 115   5   1   2  70 142 142 141 137
 126 142  70   2   2   4 137 109   7   3   2  71 143 143 140 134
 129 142  68   1   0   2 137 108   4   0   2  70 144 142 142 136
 129 141  65   5   2   7 132 102   3   1   1  64 132 136 143 132
 131 144  66   3   2   2   6   6   0   1   1   4   5  57 142 132
 130 140  61   5   2   3   4   1   0   0   0   1   3  50 141 134
 132 143  59   1   2   2   2   2   0   0   0   0   0  51 141 134
 133 142  85  54  47  52  49  42  37  45  49  44  43  75 142 132
 135 142 142 142 142 141 140 138 141 139 139 142 140 141 139 128
  99 112 109 111 112 115 109 108 118 110 109 113 110 107 114 103
 110 129 134 135 128 133 130 125 126 127 127 131 132 130 123 104
 118 136 140 137 135 138 133 138 134 135 133 138 135 135 134 114
 117 140  99  62  66  65 125 136 135 138 136 138 137 138 136 115
 120 139  62   5   6   7 122 134 134 139 137 137 133 140 130 120
 119 137  66   3   8  12 122 133 139 137 136 140 142 137 129 123
 118 136  77   4   2  11 120 124 102  82  86 106 136 136 130 120
 117 137  76   7   2   8 122 116  11   5   6  72 140 139 131 129
 124 137  75  11   6   6 125 105  12   3   3  72 135 133 131 122
 118 140  78   9   2  12 121 110  11   5   1  71 135 136 136 126
 126 136  74   5   9  16 124 105   6   3   3  67 133 127 132 121
 119 132  71   9   8   5  12  11   0   0   4   4  17  50 134 124
 125 138  67   5  13  11   2   6   1   3   3   5  10  45 132 123
 120 134  70   7   8   6   2   7   2   8   5   9   3  46 135 123
 127 135  84  48  48  53  46  36  32  36  46  37  41  74 130 125
 124 139 139 140 136 132 134 133 132 133 135 127 128 134 134 125
 101 113 119 121 120 118 116 116 120 103 117 120 115 114 117 104

 121 129 126 132 138 137 135 135 129 132 127 129 124 123 126  99
 133 137 134 132 139 138 134 139 140 141 136 137 136 140 140 102
 137 137 137 136 138 141 136 137 137 127  60  55  61  73 133  94
 135 138 135 143 137 139 137 141 139 125   2   0   2  45 135  98
 136 139 138 142 143 113  74  68  74  68   7   0   1  57 137 104
 136 141 137 137 139  75   1   5   2   2   3   2   0  61 138  90
 132 142 137 140 141  77  10   2   4   1   2   2   0  62 141 105
 132 142 137 143 140  90   9   9   4   1   6   3   0  47 132 107
 133 138 138 138 143 130 109 110 101  96   3   0   0  58 142 102
 142 141 129 121 119 126 125 130 138 121   2   1   0  57 134  93
 140 139  76   5   9   5   8  11   2   7   3   0   0  53 139 100
 140 135  64   1   0   4   3   5   1   2   1   0   0  51 135  96
 134 137  61   4   7   2   3   5   6   2   0   0   5  54 137  99
 136 138  93  63  67  67  70  63  59  62  61  59  56  91 138  99
 144 145 138 136 140 139 135 138 137 138 141 137 141 140 138 103
 119 125 112 111 118 115 118 122 117 118 124 118 117 124 130  87
 117 129 128 133 132 134 137 134 136 132 132 134 134 132 128 103
 136 137 140 140 140 141 141 140 142 143 142 141 141 142 139 114
 138 141 142 142 144 141 142 143 142 136  57  50  51  75 141 107
 138 142 144 144 144 145 142 143 144 132   5   3   0  43 140 110
 140 145 143 144 144 115  70  71  70  64   4   1   0  44 142 113
 139 143 143 144 143  83   2   2   2   1   1   0   0  49 139 109
 137 143 143 143 142  79   1   3   0   1   1   0   0  45 139 110
 136 142 144 142 144  99   5   7   4   3   0   0   0  37 141 118
 138 143 140 144 143 132 115 109 108 102   6   1   2  42 138 108
 140 143 135 131 133 132 134 137 137 132   6   4   2  49 140 109
 142 144  69   1   3   1   3   4   2   7   2   3   2  52 141 115
 139 145  66   0   1   0   2   2   0   2   2   2   2  47 142 112
 140 142  60   0   2   2   2   2   1   5   3   5   1  54 142 111
 140 141  96  65  69  69  72  70  68  65  66  61  59  85 142 109
 142 144 142 145 139 143 145 142 142 141 144 140 143 142 142 112
 125 128 122 121 123 124 128 126 129 129 131 130 132 133 135  99
 104 114 115 120 123 120 129 122 126 121 124 123 123 125 125 104
 123 134 136 130 129 130 131 131 136 132 134 132 135 130 134 117
 130 135 138 140 137 136 139 133 136 127  50  45  46  74 134 114
 132 135 137 133 142 136 140 135 135 133  17  10   3  41 128 115
 131 138 138 137 140 106  72  72  71  67   4   5   9  37 127 120
 127 133 136 137 136  86   6   3   1   3   4   3   5  46 135 117
 127 135 138 139 137  82   5   3   5   3   0   3   8  36 133 103
 126 134 135 134 139 102  11  12  11   6   0   1   2  32 132 120
 125 138 136 134 133 124 116 105 110 105  11   6   7  36 133 116
 130 133 125 122 122 120 122 125 121 124  12   2   2  46 134 116
 133 138  65   7  12  11   8   6  12  16   5  11   6  53 132 118
 128 135  66   6   8   2   2   6   2   9   8  13   8  48 136 120
 135 137  62   5   3   4   7  11   9   5   9   5   7  48 140 121
 134 140  99  62  66  77  76  75  78  74  71  67  70  84 139 119
 129 136 140 139 137 136 137 137 140 136 132 138 134 135 139 113
 110 118 117 120 119 118 117 124 118 126 119 125 120 127 124 101

  99 102  94  98 104  90 105 107 102  93 100  96  99  99 103  87
 126 140 133 135 137 138 141 132 142 134 139 135 137 138 138 130
 123 140  73  45  57  61  62  47  58  57  53  51  54  91 140 124
 124 136  61   2   1   0   0   0   0   0   0   0   5  56 141 117
 129 137  55   0   0   2   2   3   0   1   0   0   0  59 137 118
 127 136  60   2   7   3   2   6   3   2   3   1   0  61 141 124
 132 141 127 125  68   2   1   1  96 121   7   2   2  62 138 118
 129 140 137 139  74   2   4   4 101 138   2   1   6  59 137 117
 135 139 137 141  68   5   2   9 110 130  11   5   5  63 138 122
 135 134 136 137  74   1  10   9 109 125   8   3   3  70 135 118
 137 138 141 139 113  75  77  90 130 126   5   4   2  67 139 115
 138 139 138 137 143 139 141 140 143 119   9   0   7  67 140 118
 132 132 136 143 142 137 140 143 138 121   5   1   4  63 136 111
 126 134 137 135 138 137 137 137 138 129  76  64  61  93 138 112
 129 137 137 138 139 141 142 142 138 141 139 135 137 138 145 125
 121 133 137 135 136 136 132 132 133 142 140 140 134 136 144 119
 103 114 107 110 113 109 110 118 108 109 115 112 111 109 112  99
 128 139 141 140 142 139 139 141 138 140 141 142 142 142 142 135
 132 142  75  43  44  49  45  37  42  49  52  47  54  85 142 133
 134 141  51   0   0   0   0   0   2   2   2   2   1  59 143 132
 134 141  50   3   1   0   0   0   1   4   3   2   5  61 140 130
 132 142  57   5   4   1   1   0   6   6   2   2   3  66 144 131
 132 143 136 132  64   1   1   3 102 132   7   2   5  65 141 129
 136 142 142 144  70   2   0   4 108 137   2   0   1  68 142 129
 134 140 143 143  71   2   3   7 109 137   4   2   2  70 142 126
 137 141 142 142  70   2   1   5 115 134   3   2   2  72 145 128
 134 141 141 145 115  83  79  99 132 132   1   0   2  69 143 124
 132 140 144 144 144 143 142 144 143 133   3   1   2  69 139 123
 133 140 142 144 144 144 143 142 144 131   1   0   0  65 145 121
 128 140 142 144 143 143 143 144 140 135  69  66  60  96 142 122
 129 137 141 142 145 143 143 142 143 143 144 145 142 141 144 128
 117 136 138 138 140 139 137 136 138 140 142 139 140 140 142 125
 104 117 114 115 120 117 103 120 116 116 118 120 121 119 113 101
 125 134 134 128 127 135 133 132 133 134 132 136 140 139 139 124
 125 130  74  41  37  46  36  32  36  46  53  48  48  84 135 127
 123 135  46   3   9   5   8   2   7   2   6   8   7  70 134 120
 123 132  45  10   5   3   3   1   6   2  11  13   5  67 138 125
 124 134  50  17   4   4   0   0  11  12   5   8   9  71 132 119
 121 132 127 133  67   3   3   6 105 124  16   9   5  74 136 126
 126 136 136 135  71   1   5  11 110 121  12   2   9  78 140 118
 122 131 133 135  72   3   3  12 105 125   6   6  11  75 137 124
 129 131 139 140  72   6   5  11 116 122   8   2   7  76 137 117
 120 130 136 136 106  86  82 102 124 120  11   2   4  77 136 118
 123 129 137 142 140 136 137 139 133 122  12   8   3  66 137 119
 120 130 140 133 137 137 139 134 134 122   7   6   5  62 139 120
 115 136 138 137 138 136 138 135 136 125  65  66  62  99 140 117
 114 134 135 135 138 133 135 134 138 133 138 135 137 140 136 118
 104 123 130 132 131 127 127 126 125 130 133 128 135 134 129 110

