 122 129 127 133 136 132 128 126 138 136 131 137 128 137 136 117
 140  99  55  54  43  38  41  47  50  58  40  41  43  49 114 142
 136  89   3   3   2   1   3   1   2   8  10   5   6   6 100 129
 139  86   3   1   3   4   3   3   3   7  10   7   3   5 109 125
 137  88   3   1   7   5   2   3   3   2   1   2   3   5 105 129
 136 110  67  70  67  70  71  69  74  74  72  68  66  69 115 131
 140 145 145 150 147 148 150 144 148 154 151 149 147 149 152 128
 137 140 145 148 146 143 146 146 149 153 151 148 149 149 151 130
 136 146 143 145 142 146 150 149 148 146 147 144 150 145 145 121
 138 138 134 132 128 133 143 145 146 142 127 130 127 126 143 118
 131  80  21  20  24  26 127 145 145 105  16  17  17  14 116 126
 136  79   7   2   4  11 128 145 145  90  10   3   2   6 106 117
 136  75   2   1   1  13 123 144 144  96   8   0   1   3 102 125
 132  76   7   6   7  12 129 148 142  93   8   0   2   2 105 125
 129 122 101 103 107 104 138 141 147 132 114 110 108 104 135 113
 114 120 119 121 119 116 112 117 110 115 114 123 121 124 123  98
 122 134 130 139 143 137 138 133 145 141 141 138 133 149 145 123
 138  90  43  41  37  32  35  40  39  40  28  30  36  37 106 141
 138  74   3   3   6   5   5   2   5   4   6   3   2   4  88 138
 138  72   4   4   3   5   2   2   2   3   1   0   0   0  98 133
 136  72   1   2   3   5   4   3   5   4   5   2   0   1  91 137
 139 103  64  61  58  64  69  70  69  67  64  66  62  62 107 135
 140 148 149 148 149 150 150 150 150 151 149 148 150 150 150 133
 138 145 147 147 147 148 147 149 149 148 150 150 148 150 148 137
 137 144 146 145 147 145 145 145 147 149 148 149 147 150 147 131
 138 144 137 141 140 140 146 144 146 140 131 131 132 132 141 130
 133  66   5   2   5   8 126 147 146 100   4   5   1   2  99 135
 135  68   0   0   1   6 125 145 146  92   2   2   0   0  91 122
 135  66   1   0   0   2 120 147 146  92   1   1   0   0  90 121
 133  65   2   1   2   5 134 146 147  93   1   1   0   0  99 127
 133 112  95  97 100  97 138 141 142 125 106 104 103  97 129 119
 117 123 121 118 119 116 115 113 111 110 110 132 125 121 125  98
 117 127 123 141 139 142 140 135 137 135 130 125 126 146 150 121
 131  87  39  40  38  33  35  36  44  37  25  30  26  35 100 134
 134  69   5   9   9   8   4  11   9   7   2   6   6   7  77 133
 138  69   3   7   2   0   4   2   6   1   2   0   2   3  85 129
 130  69   2   3   0   3   3   1   6   8   4   3   1   4  81 135
 142  92  53  50  49  62  73  66  71  73  66  70  67  66 107 129
 139 142 138 138 143 142 145 143 145 140 145 141 149 143 140 123
 136 142 135 139 142 139 140 140 140 140 141 145 144 144 141 130
 135 136 138 135 139 134 133 136 138 139 138 145 143 139 142 119
 132 135 133 137 136 133 137 135 133 130 132 133 132 130 139 121
 137  62   0   1   1   0 114 136 136  90   3   1   2   1  82 128
 136  63   1   5   3   0 115 137 140  86   0   1   1   2  75 113
 137  67   4   6  11   5 117 139 141  86   2   0   2   3  78 110
 132  60   1   2   0   0 130 131 133  87   0   0   0   0  89 119
 126 100  78  81  84  83 126 136 136 114  94  93  95  94 117 112
 114 113 113 107 109 110 108 105 107 102 102 131 127 124 123 101

 117 142 129 125 129 131 128 130 121 118 126 117 125 125 113  98
 136 114 100 109 105 115 152 151 145 143 116 106 102 105 135 123
 137  49   6   5   5  69 149 149 145 126  14   6   3   2 104 124
 128  43   6   3   3  66 147 149 150 127  17   2   1   2 108 121
 137  41   5   7   2  68 149 148 144 130  17   3   0   0 110 123
 131  40  10  10   1  72 151 151 147 127  16  10   8   8 114 114
 136  58   8   7   2  74 154 153 146 142 105  90  96  93 132 115
 138  50   2   3   3  74 148 149 148 146 145 145 144 142 147 110
 126  47   1   3   3  69 144 146 149 145 145 145 144 148 141 117
 128  41   3   3   2  71 150 146 150 143 127 128 123 129 138 112
 132  38   1   4   5  70 148 143 146 133  26  11  13  12 104 116
 136  43   2   3   7  67 147 146 142 128  24   4   1   7 107 119
 133  54   3   1   1  70 150 148 145 132  20   2   1   6 103 121
 127  55   3   3   3  67 145 145 143 134  21   7   2   7 101 119
 129  99  89  86  88 110 145 140 146 138  80  79  75  76 122 120
 122 140 136 139 137 136 140 137 136 138 131 136 136 132 129 114
 123 141 138 133 137 135 133 137 131 130 135 122 121 127 119  98
 145 106  88  98  91 107 150 148 147 141  99  91  90  99 129 125
 149  37   4   0   1  62 150 150 150 132   2   0   0   0  97 121
 133  36   2   0   0  62 150 148 147 132   1   0   0   0 103 125
 138  30   3   0   2  66 148 150 149 131   5   2   1   1 104 132
 141  28   6   1   5  64 149 150 148 131   4   2   1   1 106 110
 141  40   4   3   4  67 151 148 149 140 100  92  92  93 125 110
 145  39   5   2   5  69 150 149 147 146 146 146 146 147 142 111
 133  40   2   2   3  70 150 149 145 144 147 145 147 146 141 113
 138  35   5   2   4  69 150 147 145 146 126 125 120 134 138 115
 137  32   5   5   5  64 150 148 145 140   8   6   2   5  97 116
 143  37   6   3   3  58 149 147 147 140   5   1   0   2 100 119
 139  41   3   4   2  61 148 147 145 141   2   0   0   1  97 118
 130  43   3   4   1  64 149 147 146 137   5   0   1   2  95 121
 134  90  74  72  72 103 148 145 144 144  66  68  66  65 112 123
 122 138 138 138 136 139 140 138 137 138 133 135 135 133 133 117
 121 134 133 129 135 129 123 130 119 121 128 113 110 119 112 101
 150 100  77  85  81 107 140 141 142 139  82  75  78  89 117 123
 146  35   7   3   4  66 143 144 139 130   1   2   3   0  94 124
 126  26   6   2   1  67 149 144 143 132   2   1   2   0  95 127
 125  30   6   0   3  70 141 145 145 133   1   1   0   0  93 131
 130  25   2   2   4  66 145 141 138 132   3   0   2   0  94 102
 135  37   7   1   8  73 140 140 139 130  90  86  86  87 114 102
 137  44   9   6   6  71 145 140 138 133 136 140 141 133 136 107
 135  36  11   2   1  66 143 140 136 135 136 137 139 131 136 105
 140  35   4   4   3  73 145 140 133 137 114 115 117 130 126 108
 142  33   8   0   3  62 142 139 134 133   0   0   5   0  83 110
 139  38   9   2   0  49 143 142 139 136   1   3  11   0  84 109
 141  40   9   7   3  50 138 139 135 137   1   5   6   2  81 107
 123  39   5   3   2  53 138 135 138 133   0   1   4   1  78 113
 127  87  69  69  69  92 142 142 136 135  62  63  67  60 100 113
 117 131 134 138 130 142 139 136 135 132 137 136 137 132 126 114

  98 123 124 121 123 114 115 110 117 112 116 119 121 119 120 114
 113 135 104 108 110 114 132 147 141 138 104 107 103 101 122 129
 125 105   2   2   0   8  93 142 148 129  12   7   6   7  76 132
 125 102   3   1   0   8  96 144 144 123  13   1   1   2  75 136
 117 106   6   2   3  10  90 145 145 128  11   4   2   7  79 136
 126 116  14  17  17  16 105 145 145 127  26  24  20  21  80 131
 118 143 126 127 130 127 142 146 145 143 133 128 132 134 138 138
 121 145 145 150 144 147 146 148 149 150 146 142 145 143 146 136
 130 151 149 149 148 151 153 149 146 146 143 146 148 145 140 137
 128 152 149 147 149 151 154 148 144 150 148 147 150 145 145 140
 131 115  69  66  68  72  74  74  69  71  70  67  70  67 110 136
 129 105   5   3   2   1   2   3   3   2   5   7   1   3  88 137
 125 109   5   3   7  10   7   3   3   3   4   3   1   3  86 139
 129 100   6   6   5  10   8   2   1   3   1   2   3   3  89 136
 142 114  49  43  41  40  58  50  47  41  38  43  54  55  99 140
 117 136 137 128 137 131 136 138 126 128 132 136 133 127 129 122
  98 125 121 125 132 110 110 111 113 115 116 119 118 121 123 117
 119 129  97 103 104 106 125 142 141 138  97 100  97  95 112 133
 127  99   0   0   1   1  93 147 146 134   5   2   1   2  65 133
 121  90   0   0   1   1  92 146 147 120   2   0   0   1  66 135
 122  91   0   0   2   2  92 146 145 125   6   1   0   0  68 135
 135  99   2   1   5   4 100 146 147 126   8   5   2   5  66 133
 130 141 132 132 131 131 140 146 144 146 140 140 141 137 144 138
 131 147 150 147 149 148 149 147 145 145 145 147 145 146 144 137
 137 148 150 148 150 150 148 149 149 147 148 147 147 147 145 138
 133 150 150 150 148 149 151 150 150 150 150 149 148 149 148 140
 135 107  62  62  66  64  67  69  70  69  64  58  61  64 103 139
 137  91   1   0   2   5   4   5   3   4   5   3   2   1  72 136
 133  98   0   0   0   1   3   2   2   2   5   3   4   4  72 138
 138  88   4   2   3   6   4   5   2   5   5   6   3   3  74 138
 141 106  37  36  30  28  40  39  40  35  32  37  41  43  90 138
 123 145 149 133 138 141 141 145 133 138 137 143 139 130 134 122
 101 123 124 127 131 102 102 107 105 108 110 109 107 113 113 114
 112 117  94  95  93  94 114 136 136 126  83  84  81  78 100 126
 119  89   0   0   0   0  87 133 131 130   0   0   2   1  60 132
 110  78   3   2   0   2  86 141 139 117   5  11   6   4  67 137
 113  75   2   1   1   0  86 140 137 115   0   3   5   1  63 136
 128  82   1   2   1   3  90 136 136 114   0   1   1   0  62 137
 121 139 130 132 133 132 130 133 135 137 133 136 137 133 135 132
 119 142 139 143 145 138 139 138 136 133 134 139 135 138 136 135
 130 141 144 144 145 141 140 140 140 140 139 142 139 135 142 136
 123 140 143 149 141 145 140 145 143 145 142 143 138 138 142 139
 129 107  66  67  70  66  73  71  66  73  62  49  50  53  92 142
 135  81   4   1   3   4   8   6   1   3   3   0   3   2  69 130
 129  85   3   2   0   2   1   6   2   4   0   2   7   3  69 138
 133  77   7   6   6   2   7   9  11   4   8   9   9   5  69 134
 134 100  35  26  30  25  37  44  36  35  33  38  40  39  87 131
 121 150 146 126 125 130 135 137 135 140 142 139 141 123 127 117

 114 129 132 136 136 131 138 136 137 140 136 137 139 136 140 122
 120 122  76  75  79  80 138 146 140 145 110  88  86  89  99 129
 119 101   7   2   7  21 134 143 145 145  67   3   3   3  55 127
 121 103   6   1   2  20 132 145 148 150  70   1   1   3  54 133
 119 107   7   1   4  24 128 142 146 147  67   7   3   2  43 136
 116 104  12  13  11  26 133 146 143 148  70   5   4   1  38 132
 112 138 129 123 128 127 143 150 146 150  71   2   3   3  41 128
 117 141 148 144 145 145 145 149 146 144  69   3   3   1  47 126
 110 147 142 144 145 145 146 148 149 148  74   3   3   2  50 138
 115 132  93  96  90 105 142 146 153 154  74   2   7   8  58 136
 114 114   8   8  10  16 127 147 151 151  72   1  10  10  40 131
 123 110   0   0   3  17 130 144 148 149  68   2   7   5  41 137
 121 108   2   1   2  17 127 150 149 147  66   3   3   6  43 128
 124 104   2   3   6  14 126 145 149 149  69   5   5   6  49 137
 123 135 105 102 106 116 143 145 151 152 115 105 109 100 114 136
  98 113 125 125 117 126 118 121 130 128 131 129 125 129 142 117
 117 133 133 135 135 133 138 137 138 140 139 136 138 138 138 122
 123 112  65  66  68  66 144 144 145 148 103  72  72  74  90 134
 121  95   2   1   0   5 137 146 147 149  64   1   4   3  43 130
 118  97   1   0   0   2 141 145 147 148  61   2   4   3  41 139
 119 100   2   0   1   5 140 147 147 149  58   3   3   6  37 143
 116  97   5   2   6   8 140 145 148 150  64   5   5   5  32 137
 115 138 134 120 125 126 146 145 147 150  69   4   2   5  35 138
 113 141 146 147 145 147 144 145 149 150  70   3   2   2  40 133
 111 142 147 146 146 146 146 147 149 150  69   5   2   5  39 145
 110 125  93  92  92 100 140 149 148 151  67   4   3   4  40 141
 110 106   1   1   2   4 131 148 150 149  64   5   1   6  28 141
 132 104   1   1   2   5 131 149 150 148  66   2   0   3  30 138
 125 103   0   0   0   1 132 147 148 150  62   0   0   2  36 133
 121  97   0   0   0   2 132 150 150 150  62   1   0   4  37 149
 125 129  99  90  91  99 141 147 148 150 107  91  98  88 106 145
  98 119 127 121 122 135 130 131 137 133 135 137 133 138 141 123
 114 126 132 137 136 137 132 135 136 139 142 130 138 134 131 117
 113 100  60  67  63  62 135 136 142 142  92  69  69  69  87 127
 113  78   1   4   1   0 133 138 135 138  53   2   3   5  39 123
 107  81   2   6   5   1 137 135 139 138  50   3   7   9  40 141
 109  84   0  11   3   1 136 139 142 143  49   0   2   9  38 139
 110  83   0   5   0   0 133 134 139 142  62   3   0   8  33 142
 108 126 130 117 115 114 137 133 140 145  73   3   4   4  35 140
 105 136 131 139 137 136 135 136 140 143  66   1   2  11  36 135
 107 136 133 141 140 136 133 138 140 145  71   6   6   9  44 137
 102 114  87  86  86  90 130 139 140 140  73   8   1   7  37 135
 102  94   0   2   0   3 132 138 141 145  66   4   2   2  25 130
 131  93   0   0   1   1 133 145 145 141  70   3   0   6  30 125
 127  95   0   2   1   2 132 143 144 149  67   1   2   6  26 126
 124  94   0   3   2   1 130 139 144 143  66   4   3   7  35 146
 123 117  89  78  75  82 139 142 141 140 107  81  85  77 100 150
 101 112 119 110 113 128 121 119 130 123 129 135 129 133 134 121

