  73 112 116 115 110 115 111 107 112 116 115 116 116 112 113 107
  90 118  97  94  90  92  88  89  92  93  94 126 130 130 129 118
  91  98   1   0   2   0   1   0   2   4   4 116 125 134 131 121
  91  91   4   0   0   1   2   4   1   5   7 122 128 134 132 125
 102  97   4   1   1   0   1   2   3   9   2 115 125 132 129 125
  98 103   2   0   4   1   6   6   4   5   2 119 127 127 126 123
  93 102   0   2   3   0  58 109 111 115 125 135 125 133 127 126
  94 100   1   3   2   0  70 129 130 134 134 132 124 128 131 123
  88  92   2   0   0   1  72 132 129 129 135 132 133 128 131 126
  90  97   8   0   0   0  76 130 130 124 124 124 125 128 130 127
  97 111  66  62  77  76 112 127 132  61  10   8   5   8 102 127
  96 129 127 130 128 131 130 128 132  69   2  10   0   4  99 125
  90 127 126 130 128 130 127 129 131  64   2   0   1   3 101 120
  94 124 123 130 129 132 123 126 130  68   6   1   1   1 110 128
  99 124 125 127 129 127 131 132 130 105  79  83  77  80 113 125
  85 111 113 109 112 110 116 116 115 111 114 118 118 123 120 117
  87 121 123 119 119 120 117 118 115 121 124 120 120 119 114 109
  97 126  97  98  95  95  87  89  89  92  92 128 134 135 134 126
  97 107   1   2   1   1   1   2   1   1   4 116 135 131 133 126
  94  97   0   0   2   0   0   1   0   1   2 116 132 132 133 125
 106  95   2   0   0   0   1   0   0   0   4 116 136 131 132 124
 108 102   1   0   0   0   1   0   0   0   3 119 133 134 132 125
 100  97   0   0   0   1  63 123 121 123 129 129 133 133 130 126
  93  95   0   0   0   0  69 131 132 131 133 133 134 133 131 124
  95  96   0   0   0   0  70 132 134 134 133 132 131 132 131 130
 101  97   3   0   0   0  74 133 132 131 129 129 128 129 130 130
 106 112  70  66  74  80 107 133 131  66   9   7   5   3  98 128
 104 132 131 130 131 131 130 132 132  71   0   0   0   0  96 132
  99 129 131 130 132 130 132 131 129  73   0   0   0   0  93 126
  95 129 132 130 132 131 132 132 129  73   0   0   0   0  97 126
  98 130 131 126 130 129 129 129 129 105  82  83  77  76 114 124
  93 114 116 116 119 121 124 119 115 113 115 116 118 118 119 114
  94 116 114 114 114 113 112 119 109 113 117 115 113 111 108 103
 102 122  93  94  93  98  91  90  92  88  94 128 135 130 131 126
 100  99  10   9   6  10   4   7   8   4   9 116 133 129 130 121
  93  92   4   0   2   3   2   1   3   1   4 112 128 127 129 117
 101  93   6   3   4   4   3   5   4   1   8 121 132 125 127 120
 105  92   3   1   0   0   2   8   1   0   5 119 129 125 126 121
  98  94   5   2   2   1  75 117 115 116 123 124 131 125 128 111
  93  88   2   0   2   2  80 125 124 126 125 128 129 127 126 111
  99  89   6   1   1   4  76 125 125 125 127 126 126 125 123 120
 108  86   6   1   2   3  78 124 123 127 122 117 119 121 125 120
 115 105  65  62  63  72 102 125 122  63  12  11  16  14  97 113
 107 120 128 123 125 119 126 124 121  74   0   0   1   0  86 118
 100 122 125 120 128 125 123 123 127  70   0   0   4   0  90 122
  96 122 126 121 129 122 129 124 124  69   1   0   1   2  90 113
  97 120 116 123 121 121 122 122 122  96  72  81  77  76 110 113
  96 111 109 115 115 115 116 116 108 110 106 106 113 111 112 105

 107 118 121 125 125 123 126 123 126 127 127 125 120 128 125 117
 113 129 131 132 129 126 127 131 131 130 102  99 101 110 113 120
 112 130 134 134 132 127 133 128 128 128   8   4   3   1  80 123
 116 130 125 128 125 127 125 124 133 125   5   0   1   1  77 118
 116 126 116 122 115 119 135 132 132 124   8  10   0   1  83 118
 115  94   4   7   2   2 125 134 135 124  10   2   2   6  79 114
 116  93   4   5   9   5 115 134 129 124  61  69  64  68 105 111
 112  92   2   1   3   4 111 130 129 130 132 132 131 130 130 115
 107  89   0   4   2   6 109 129 132 130 127 128 129 126 132 116
 111  88   1   2   1   6  58  70  72  76 112 130 127 123 131 116
 115  92   0   1   0   1   0   0   1   0  76 131 130 132 127 110
 110  90   2   0   1   4   3   2   0   0  77 128 128 129 129 112
 115  94   0   0   1   0   2   3   0   0  62 130 130 130 127 109
 116  97   1   4   4   2   0   1   2   8  66 127 126 123 125 113
 112 118  98  91  97 103 102 100  92  97 111 129 127 124 124 111
  73  90  91  91 102  98  93  94  88  90  97  96  90  94  99  85
 109 126 126 125 124 125 126 124 130 130 128 132 126 126 124 114
 114 134 133 133 132 132 130 131 131 130  98  96  93  97 114 119
 119 135 131 132 131 134 133 133 132 129   3   0   0   0  76 118
 120 134 135 132 136 133 133 134 131 128   5   0   0   0  77 118
 120 128 116 116 116 119 129 133 132 129   7   0   0   0  83 116
 124  92   4   2   4   3 129 133 133 129   9   0   0   0  82 115
 121  92   1   1   0   0 123 131 134 131  66  71  73  73 105 113
 115  89   1   0   0   0 121 132 134 132 131 132 129 129 129 115
 118  89   2   1   0   0 123 131 132 133 133 132 131 132 129 119
 117  87   1   0   1   1  63  69  70  74 107 130 132 132 129 124
 120  95   1   0   0   0   1   0   0   0  80 131 130 131 129 121
 119  95   1   2   0   0   0   0   0   0  74 131 132 132 130 119
 119  98   2   0   0   0   0   0   0   0  66 130 130 130 126 116
 123  97   1   0   2   1   0   0   0   3  70 131 131 132 131 116
 121 126 107  97  95 102  97  95  96  97 112 132 129 129 130 114
  87  97  97  94 106 108 100  93  95 101 106 104  99  95  98  93
 103 126 121 117 120 121 111 111 120 120 113 118 122 113 113 105
 108 131 130 129 127 126 128 126 123 125  97  86  90  90 110 112
 111 130 129 127 125 125 125 127 125 121  14   0   0   2  76 111
 113 135 133 128 132 129 131 129 126 119  16   1   4   1  77 113
 115 128 116 112 121 119 124 128 126 117  11   0   0   0  81 106
 117  94   9   4   8   5 123 125 127 122  12   0   0   1  72 106
 113  88   4   1   1   0 116 126 125 127  63  74  70  69  96 110
 109  92   8   3   4   1 115 124 125 123 122 121 127 124 122 108
 119  90   7   1   5   8 117 125 125 124 125 124 123 124 122 116
 112  91   4   2   3   2  75  80  76  78 102 126 123 129 122 116
 113  98  10   3   4   0   1   2   4   3  72 119 125 122 121 115
 114  93   6   2   4   0   2   2   1   2  63 125 128 129 121 115
 114  94   9   0   3   1   2   0   1   1  62 123 120 121 123 115
 114  93  10   4   6   3   5   2   6   6  65 128 125 126 116 109
 116 122  99  92  93  92  94  88  89  86 105 120 122 122 120 111
  94 102 100  93 101 105  98  93  99 108 115 107 100  96  97  96

 117 120 123 118 118 114 111 115 116 116 110 112 109 113 111  85
 125 113  80  77  83  79 105 130 132 131 127 129 127 125 124  99
 128 110   1   1   1   6  68 130 126 123 132 129 130 123 124  94
 120 101   3   1   0   2  64 131 129 127 130 128 130 126 127  90
 125  99   4   0  10   2  69 132 128 130 131 128 130 127 129  96
 127 102   8   5   8  10  61 132 127 112  76  77  62  66 111  97
 127 130 128 125 124 124 124 130 130  76   0   0   0   8  97  90
 126 131 128 133 132 135 129 129 132  72   1   0   0   2  92  88
 123 131 128 124 132 134 134 130 129  70   0   2   3   1 100  94
 126 127 133 125 135 125 115 111 109  58   0   3   2   0 102  93
 123 126 127 127 119   2   5   4   6   6   1   4   0   2 103  98
 125 129 132 125 115   2   9   3   2   1   0   1   1   4  97 102
 125 132 134 128 122   7   5   1   4   2   1   0   0   4  91  91
 121 131 134 125 116   4   4   2   0   1   0   2   0   1  98  91
 118 129 130 130 126  94  93  92  89  88  92  90  94  97 118  90
 107 113 112 116 116 115 116 112 107 111 115 110 115 116 112  73
 114 119 118 118 116 115 113 115 119 124 121 119 116 116 114  93
 124 114  76  77  83  82 105 129 129 129 129 130 126 131 130  98
 126  97   0   0   0   0  73 129 132 132 131 132 130 132 129  95
 126  93   0   0   0   0  73 129 131 132 130 132 130 131 129  99
 132  96   0   0   0   0  71 132 132 130 131 131 130 131 132 104
 128  98   3   5   7   9  66 131 133 107  80  74  66  70 112 106
 130 130 129 128 129 129 131 132 133  74   0   0   0   3  97 101
 130 131 132 131 132 133 134 134 132  70   0   0   0   0  96  95
 124 131 133 134 133 133 131 132 131  69   0   0   0   0  95  93
 126 130 133 133 129 129 123 121 123  63   1   0   0   0  97 100
 125 132 134 133 119   3   0   0   0   1   0   0   0   1 102 108
 124 132 131 136 116   4   0   0   0   1   0   0   0   2  95 106
 125 133 132 132 116   2   1   0   1   0   0   2   0   0  97  94
 126 133 131 135 116   4   1   1   2   1   1   1   2   1 107  97
 126 134 135 134 128  92  92  89  89  87  95  95  98  97 126  97
 109 114 119 120 120 124 121 115 118 117 120 119 119 123 121  87
 105 112 111 113 106 106 110 108 116 116 115 115 115 109 111  96
 113 110  76  77  81  72  96 122 122 122 121 121 123 116 120  97
 113  90   2   1   0   1  69 124 124 129 122 129 121 126 122  96
 122  90   0   4   0   0  70 127 123 123 125 128 120 125 122 100
 118  86   0   1   0   0  74 121 124 126 119 125 123 128 120 107
 113  97  14  16  11  12  63 122 125 102  72  63  62  65 105 115
 120 125 121 119 117 122 127 123 124  78   3   2   1   6  86 108
 120 123 125 126 126 127 125 125 125  76   4   1   1   6  89  99
 111 126 127 129 128 125 126 124 125  80   2   2   0   2  88  93
 111 128 125 131 124 123 116 115 117  75   1   2   2   5  94  98
 121 126 125 129 119   5   0   1   8   2   0   0   1   3  92 105
 120 127 125 132 121   8   1   4   5   3   4   4   3   6  93 101
 117 129 127 128 112   4   1   3   1   2   3   2   0   4  92  93
 121 130 129 133 116   9   4   8   7   4  10   6   9  10  99 100
 126 131 130 135 128  94  88  92  90  91  98  93  94  93 122 102
 103 108 111 113 115 117 113 109 119 112 113 114 114 114 116  94

  85  99  94  90  96  97  90  88  94  93  98 102  91  91  90  73
 111 124 124 127 129 111  97  92 100 102 103  97  91  98 118 112
 113 125 123 126 127  66   8   2   1   0   2   4   4   1  97 116
 109 127 130 130 130  62   0   0   3   2   0   1   0   0  94 115
 112 129 129 128 128  77   0   0   2   3   4   1   0   2  90 110
 110 127 132 130 131  76   0   1   0   0   1   0   1   0  92 115
 116 131 123 127 130 112  76  72  70  58   6   1   2   1  88 111
 116 132 126 129 128 127 130 132 129 109   6   2   4   0  89 107
 115 130 130 131 132 132 130 129 130 111   4   3   1   2  92 112
 111 105  68  64  69  61 124 129 134 115   5   9   5   4  93 116
 114  79   6   2   2  10 124 135 134 125   2   2   7   4  94 115
 118  83   1   0  10   8 124 132 132 135 119 115 122 116 126 116
 118  77   1   1   0   5 125 133 124 125 127 125 128 125 130 116
 123  80   1   3   4   8 128 128 128 133 127 132 134 134 130 112
 120 113 110 101  99 102 130 131 131 127 126 129 132 131 129 113
 117 125 128 120 125 127 127 126 123 126 123 125 125 121 118 107
  93  98  95  99 104 106 101  95  93 100 108 106  94  97  97  87
 114 130 129 129 132 112  97  96  95  97 102  95  97 107 126 121
 116 131 132 131 131  70   3   0   0   0   1   2   0   1  97 123
 116 126 130 130 130  66   0   0   0   0   0   0   0   2  98 119
 119 130 132 132 131  74   0   0   0   0   0   0   2   1  95 119
 121 129 131 130 131  80   0   0   0   1   0   0   0   1  95 120
 124 129 132 132 130 107  74  70  69  63   1   1   0   1  87 117
 119 129 132 131 132 133 133 132 131 123   0   0   1   2  89 118
 115 129 129 129 132 131 132 134 132 121   0   0   0   1  89 115
 113 105  73  73  71  66 131 134 131 123   0   0   1   1  92 121
 115  82   0   0   0   9 129 133 133 129   3   4   2   4  92 124
 116  83   0   0   0   7 129 132 133 129 119 116 116 116 128 120
 118  77   0   0   0   5 128 131 134 133 133 136 132 135 134 120
 118  76   0   0   0   3 129 132 133 133 134 131 132 131 135 119
 119 114  97  93  96  98 130 131 131 130 132 132 133 133 134 114
 114 124 126 126 132 128 130 130 124 126 125 124 125 126 126 109
  96  97  96 100 107 115 108  99  93  98 105 101  93 100 102  94
 111 120 122 122 120 105  86  89  88  94  92  93  92  99 122 116
 109 116 126 125 128  65   6   6   2   5   3   6   4  10  93 114
 115 123 121 120 123  62   1   1   0   2   1   3   0   9  94 114
 115 121 129 128 125  63   2   1   2   2   0   4   2   6  93 114
 115 121 122 125 119  72   3   4   2   1   0   4   3  10  98 113
 116 122 129 123 126 102  78  76  80  75   2   3   2   4  91 112
 116 122 124 123 124 125 124 125 125 117   8   5   1   7  90 119
 108 122 124 127 121 122 123 125 124 115   1   4   3   8  92 109
 110  96  69  70  74  63 127 125 126 116   0   1   1   4  88 113
 106  72   1   0   0  12 122 127 125 123   5   8   4   9  94 117
 106  81   0   0   0  11 117 126 128 124 119 121 112 116 128 115
 113  77   1   4   1  16 119 126 129 131 129 132 128 133 135 113
 111  76   2   0   0  14 121 125 127 125 125 125 127 129 130 111
 112 110  90  90  86  97 125 123 126 128 126 127 129 130 131 108
 105 113 113 122 118 113 120 120 111 111 121 120 117 121 126 103

