  90 123 120 128 123 126 130 137 137 139 135 132 130 126 126 120
 118 142 109 104 112 131 169 164 163 162 162 163 159 154 154 152
 123 126   9   3  15  64 163 162 160 162 159 154 154 154 153 155
 121 121   7   4   9  49 158 158 163 160 161 155 157 154 154 155
 121 123   5   3   4  48 156 156 158 162 157 157 154 155 153 148
 113 148 112 118 115 125 157 157 154 153 149 150 151 158 159 149
 123 157 160 160 160 160 163  74  54  48  45  49  51  72 160 152
 124 156 161 156 160 163 160  29   3   1   0   6   4  32 155 146
 128 157 165 160 157 161 153  23   3   3   1  11   4  33 161 153
 122 156 156 157 160 155 157  49  34  36  45  36  39  62 162 153
 128 148 139 142 137 137 155 155 159 157 162 160 164 159 160 156
 125 117   4   9  14  57 158 157 157 162 166 162 163 158 155 147
 126 111   3   2   0  58 161 166 165 160 157 159 159 157 154 145
 125 114   6   3   5  51 163 157 156 161 157 158 159 153 153 146
 117 124  62  68  65  98 161 157 150 156 156 153 154 151 150 140
 120 151 149 149 154 149 152 144 144 148 145 148 148 152 154 143
 109 133 129 133 135 135 140 139 145 143 140 138 137 133 132 122
 129 141 105 105 111 128 163 162 163 165 162 161 158 155 157 153
 134 118   7  11   8  56 159 163 163 162 163 157 157 155 156 145
 135 119   4   6   5  52 160 159 160 158 159 157 157 154 153 150
 128 120  11   8   7  52 157 157 156 157 155 156 154 154 156 149
 128 150 123 119 120 127 160 157 158 157 155 154 154 155 158 149
 132 159 157 159 159 161 158  77  57  51  56  46  46  75 160 152
 131 158 159 159 158 159 159  26   2   3   4   2   1  35 159 152
 134 158 156 157 158 157 158  23   1   3   2   1   1  38 160 153
 127 153 154 158 156 155 156  47  33  36  40  39  37  66 159 152
 130 149 139 141 143 144 158 158 158 160 161 161 159 159 158 150
 137 112  15  13   8  54 158 161 162 161 162 161 159 159 156 152
 135 109   3   3   1  56 158 161 162 160 159 157 157 155 154 148
 137 116   2   4   4  55 159 164 161 157 157 154 155 153 154 147
 134 127  67  68  69  96 159 159 156 155 154 155 153 151 153 141
 127 147 147 152 151 151 150 147 147 143 142 143 150 146 146 140
 103 124 126 129 125 125 132 128 138 129 138 132 130 128 121 117
 134 137  98 105 110 116 150 154 158 154 156 152 147 153 151 142
 140 113  19  19  12  58 149 151 154 152 154 152 150 147 148 138
 138 115   5   8   5  54 148 152 153 151 149 155 147 148 146 137
 134 112  20  16  14  61 146 155 154 145 150 148 148 152 151 140
 134 143 122 118 113 122 147 151 148 149 144 149 150 148 150 140
 132 145 146 146 146 151 148  73  53  56  60  48  44  74 148 139
 130 144 144 152 151 147 147  36   5   4   6   6   4  39 144 141
 131 151 146 148 152 147 147  32   6   5   5   4  11  47 144 142
 127 147 140 146 145 146 140  45  35  31  36  38  38  71 147 140
 126 137 129 130 131 137 149 146 149 145 144 146 144 149 148 133
 127  97  29  21  19  63 147 151 153 151 151 148 145 146 149 138
 124  97   8   5   5  59 148 147 146 149 152 149 145 149 147 136
 132 106  11   9  10  59 151 147 146 147 145 146 140 145 143 132
 127 117  66  63  71  97 147 144 147 142 143 143 140 141 138 128
 119 132 136 136 136 136 132 132 129 131 127 130 129 127 125 128

 120 152 155 155 148 149 152 146 153 153 156 147 145 146 140 143
 126 154 153 154 153 159 160 155 161 162 160 155 154 153 150 154
 126 154 154 154 155 158  72  32  33  62 159 158 157 153 151 152
 130 159 154 157 154 151  51   4   4  39 164 163 159 159 154 148
 132 163 154 155 157 150  49   6  11  36 160 162 159 158 153 148
 135 162 159 161 157 149  45   0   1  45 162 166 157 157 156 145
 139 162 162 160 162 153  48   1   3  36 157 162 160 161 156 148
 137 163 160 163 158 154  54   3   3  34 159 157 165 156 150 144
 137 164 162 158 156 157  74  29  23  49 155 157 166 157 157 144
 130 169 163 158 156 157 163 160 153 157 155 158 161 163 161 152
 126 131  64  49  48 125 160 163 161 155 137  57  58  51  98 149
 123 112  15   9   4 115 160 160 157 160 137  14   0   5  65 154
 128 104   3   4   3 118 160 156 160 157 142   9   2   3  68 149
 120 109   9   7   5 112 160 161 165 156 139   4   3   6  62 149
 123 142 126 121 123 148 157 156 157 156 148 117 111 114 124 151
  90 118 123 121 121 113 123 124 128 122 128 125 126 125 117 120
 122 153 145 150 149 149 152 152 153 152 150 152 148 147 141 140
 132 157 156 153 156 158 160 159 160 159 158 156 154 154 153 146
 133 155 155 154 154 155  75  35  38  66 159 159 155 153 151 146
 137 158 157 157 154 154  46   1   1  37 159 159 157 155 153 150
 138 161 157 157 156 154  46   2   1  39 161 161 157 154 155 143
 140 162 163 159 155 155  56   4   2  40 161 162 159 157 154 142
 143 165 162 158 157 157  51   3   3  36 160 161 160 157 155 143
 145 163 163 160 156 158  57   2   1  33 158 162 162 161 156 147
 139 162 163 159 157 157  77  26  23  47 158 161 161 164 159 147
 140 163 159 160 157 160 158 159 158 156 158 158 158 159 159 150
 135 128  56  52  52 127 161 159 157 155 144  54  56  55  96 151
 135 111   8   5   7 120 159 158 158 156 143   8   1   4  69 151
 133 105  11   6   8 119 159 159 157 158 141  13   3   4  68 152
 129 105   7   4  11 123 157 159 156 154 139  15   3   2  67 147
 133 141 118 119 120 150 159 158 158 153 149 112 109 116 127 147
 109 129 134 135 128 128 132 131 134 127 130 137 135 137 134 127
 117 142 138 137 140 140 139 141 142 140 133 138 136 132 128 128
 121 151 148 146 151 150 148 144 144 147 148 149 147 143 138 125
 128 153 147 148 152 148  74  39  47  71 149 146 149 145 141 127
 130 147 150 147 148 150  44   4  11  38 144 145 145 140 140 129
 132 152 152 155 148 149  48   6   4  38 146 148 149 146 143 130
 138 156 154 149 150 144  60   6   5  36 144 151 152 145 143 127
 129 154 152 151 145 149  56   4   5  31 145 151 149 147 142 131
 138 158 154 153 154 148  53   5   6  35 149 153 146 146 147 129
 128 154 151 152 155 151  73  36  32  45 146 151 147 147 144 132
 132 150 149 148 146 147 148 147 147 140 149 147 148 151 147 132
 125 116  58  54  61 122 151 147 147 146 137  63  59  59  97 136
 125 110  12   5  14 113 146 151 152 145 131  19   5  10  71 136
 129 105  19   8  16 118 146 152 148 146 130  21   5   9  63 136
 126  98  19   5  20 122 146 144 146 140 129  29   8  11  66 136
 124 137 113 115 112 143 145 144 151 147 137  97  97 106 117 132
 103 134 140 138 134 134 132 130 131 127 126 127 124 132 127 119

 143 154 152 148 148 145 148 144 144 152 149 154 149 149 151 120
 140 150 151 154 153 156 156 150 157 161  98  65  68  62 124 117
 146 153 153 159 158 157 161 156 157 163  51   5   3   6 114 125
 145 154 157 159 159 157 160 165 166 161  58   0   2   3 111 126
 147 155 158 163 162 166 162 157 157 158  57  14   9   4 117 125
 156 160 159 164 160 162 157 159 155 155 137 137 142 139 148 128
 153 162  62  39  36  45  36  34  49 157 155 160 157 156 156 122
 153 161  33   4  11   1   3   3  23 153 161 157 160 165 157 128
 146 155  32   4   6   0   1   3  29 160 163 160 156 161 156 124
 152 160  72  51  49  45  48  54  74 163 160 160 160 160 157 123
 149 159 158 151 150 149 153 154 157 157 125 115 118 112 148 113
 148 153 155 154 157 157 162 158 156 156  48   4   3   5 123 121
 155 154 154 157 155 161 160 163 158 158  49   9   4   7 121 121
 155 153 154 154 154 159 162 160 162 163  64  15   3   9 126 123
 152 154 154 159 163 162 162 163 164 169 131 112 104 109 142 118
 120 126 126 130 132 135 139 137 137 130 126 123 128 120 123  90
 140 146 146 150 143 142 143 147 147 150 151 151 152 147 147 127
 141 153 151 153 155 154 155 156 159 159  96  69  68  67 127 134
 147 154 153 155 154 157 157 161 164 159  55   4   4   2 116 137
 148 154 155 157 157 159 160 162 161 158  56   1   3   3 109 135
 152 156 159 159 161 162 161 162 161 158  54   8  13  15 112 137
 150 158 159 159 161 161 160 158 158 158 144 143 141 139 149 130
 152 159  66  37  39  40  36  33  47 156 155 156 158 154 153 127
 153 160  38   1   1   2   3   1  23 158 157 158 157 156 158 134
 152 159  35   1   2   4   3   2  26 159 159 158 159 159 158 131
 152 160  75  46  46  56  51  57  77 158 161 159 159 157 159 132
 149 158 155 154 154 155 157 158 157 160 127 120 119 123 150 128
 149 156 154 154 156 155 157 156 157 157  52   7   8  11 120 128
 150 153 154 157 157 159 158 160 159 160  52   5   6   4 119 135
 145 156 155 157 157 163 162 163 163 159  56   8  11   7 118 134
 153 157 155 158 161 162 165 163 162 163 128 111 105 105 141 129
 122 132 133 137 138 140 143 145 139 140 135 135 133 129 133 109
 128 125 127 129 130 127 131 129 132 132 136 136 136 136 132 119
 128 138 141 140 143 143 142 147 144 147  97  71  63  66 117 127
 132 143 145 140 146 145 147 146 147 151  59  10   9  11 106 132
 136 147 149 145 149 152 149 146 147 148  59   5   5   8  97 124
 138 149 146 145 148 151 151 153 151 147  63  19  21  29  97 127
 133 148 149 144 146 144 145 149 146 149 137 131 130 129 137 126
 140 147  71  38  38  36  31  35  45 140 146 145 146 140 147 127
 142 144  47  11   4   5   5   6  32 147 147 152 148 146 151 131
 141 144  39   4   6   6   4   5  36 147 147 151 152 144 144 130
 139 148  74  44  48  60  56  53  73 148 151 146 146 146 145 132
 140 150 148 150 149 144 149 148 151 147 122 113 118 122 143 134
 140 151 152 148 148 150 145 154 155 146  61  14  16  20 112 134
 137 146 148 147 155 149 151 153 152 148  54   5   8   5 115 138
 138 148 147 150 152 154 152 154 151 149  58  12  19  19 113 140
 142 151 153 147 152 156 154 158 154 150 116 110 105  98 137 134
 117 121 128 130 132 138 129 138 128 132 125 125 129 126 124 103

 120 117 125 126 125 128 122 128 124 123 113 121 121 123 118  90
 151 124 114 111 117 148 156 157 156 157 148 123 121 126 142 123
 149  62   6   3   4 139 156 165 161 160 112   5   7   9 109 120
 149  68   3   2   9 142 157 160 156 160 118   3   4   3 104 128
 154  65   5   0  14 137 160 157 160 160 115   4   9  15 112 123
 149  98  51  58  57 137 155 161 163 160 125  48  49  64 131 126
 152 161 163 161 158 155 157 153 160 163 157 156 158 163 169 130
 144 157 157 166 157 155  49  23  29  74 157 156 158 162 164 137
 144 150 156 165 157 159  34   3   3  54 154 158 163 160 163 137
 148 156 161 160 162 157  36   3   1  48 153 162 160 162 162 139
 145 156 157 157 166 162  45   1   0  45 149 157 161 159 162 135
 148 153 158 159 162 160  36  11   6  49 150 157 155 154 163 132
 148 154 159 159 163 164  39   4   4  51 151 154 157 154 159 130
 152 151 153 157 158 159  62  33  32  72 158 155 154 154 154 126
 154 150 153 154 155 160 162 161 155 160 159 153 154 153 154 126
 143 140 146 145 147 156 153 153 146 152 149 148 155 155 152 120
 127 134 137 135 137 130 127 134 131 132 128 128 135 134 129 109
 147 127 116 109 112 149 153 158 158 159 150 120 119 118 141 133
 147  67   2   3  15 139 154 156 159 157 123  11   4   7 105 129
 152  68   4   3  13 141 158 157 159 159 119   8   6  11 105 133
 151  69   4   1   8 143 156 158 158 159 120   7   5   8 111 135
 151  96  55  56  54 144 155 157 159 161 127  52  52  56 128 135
 150 159 159 158 158 158 156 158 159 158 160 157 160 159 163 140
 147 159 164 161 161 158  47  23  26  77 157 157 159 163 162 139
 147 156 161 162 162 158  33   1   2  57 158 156 160 163 163 145
 143 155 157 160 161 160  36   3   3  51 157 157 158 162 165 143
 142 154 157 159 162 161  40   2   4  56 155 155 159 163 162 140
 143 155 154 157 161 161  39   1   2  46 154 156 157 157 161 138
 150 153 155 157 159 159  37   1   1  46 154 154 157 157 158 137
 146 151 153 155 159 159  66  38  35  75 155 154 154 155 155 133
 146 153 154 154 156 158 159 160 159 160 158 156 153 156 157 132
 140 141 147 148 152 150 152 153 152 152 149 149 150 145 153 122
 119 127 132 124 127 126 127 131 130 132 134 134 138 140 134 103
 132 117 106  97  97 137 147 151 144 145 143 112 115 113 137 124
 136  66  11   8  29 129 140 146 144 146 122  20   5  19  98 126
 136  63   9   5  21 130 146 148 152 146 118  16   8  19 105 129
 136  71  10   5  19 131 145 152 151 146 113  14   5  12 110 125
 136  97  59  59  63 137 146 147 147 151 122  61  54  58 116 125
 132 147 151 148 147 149 140 147 147 148 147 146 148 149 150 132
 132 144 147 147 151 146  45  32  36  73 151 155 152 151 154 128
 129 147 146 146 153 149  35   6   5  53 148 154 153 154 158 138
 131 142 147 149 151 145  31   5   4  56 149 145 151 152 154 129
 127 143 145 152 151 144  36   5   6  60 144 150 149 154 156 138
 130 143 146 149 148 146  38   4   6  48 149 148 155 152 152 132
 129 140 140 145 145 144  38  11   4  44 150 148 147 150 147 130
 127 141 145 149 146 149  71  47  39  74 148 152 148 147 153 128
 125 138 143 147 149 148 147 144 144 148 150 151 146 148 151 121
 128 128 132 136 138 133 140 142 141 139 140 140 137 138 142 117

