  93 108 111 114 110 112 117 116 126 124 127 132 129 129 129 124
 137 160 156 162 165 152  69  57  58  59 115 166 161 161 162 150
 131 157 161 161 162 149  20   6   0   3 107 162 164 164 163 146
 120 158 159 160 157 146  24   2   2   3  92 163 157 160 163 145
 128 163 162 161 160 142  16   6   1   3  95 160 161 166 165 146
 134 158 158 159 159 140   8   5   5   5  96 155 161 156 161 148
 135 160 129 108 106 101   3   3   0   7  66  97 102  95 158 139
 130 158  77  10  17  14  19  14  20  23  25  21  17  27 147 142
 131 153  80  42 133 133 138 128 137 135 140 137  57  32 146 142
 137 157  97  35  96 101 101 126 147 104 104  97  42  24 148 142
 118 157 108  41  45  44  10  95 131  16  34  54  52  68 156 142
 118 152 148 155 152 132  20  96 128  10 107 152 152 160 161 142
 121 148 154 158 154 139  25  93 124  13 100 160 163 166 161 142
 108 145 151 151 152 140  23  33  46   7  96 153 160 158 157 138
 110 142 145 154 151 138  40  20  19  21 109 159 159 154 162 141
 104 130 130 135 136 135 123 121 121 130 144 153 153 145 150 127
  91 112 110 113 113 115 119 123 135 134 129 135 135 131 133 127
 130 159 162 160 160 152  46  49  45  45 105 163 162 164 163 150
 132 160 161 162 160 150   9   6  10   9  95 164 164 163 163 152
 132 159 160 160 163 151   6   6   6   7  99 164 166 165 162 153
 132 159 160 160 157 148   2   6   7   4  92 162 164 165 162 151
 132 159 158 159 159 143   5   8   6   6  99 161 161 163 163 154
 134 157 126 106 105  95   3   3   5   1  57  90  89  86 154 152
 124 154  63  10   6   7   3   5   4   5   4   8   5  16 152 153
 133 153  56  28 134 133 134 135 141 139 141 142  59  16 150 153
 136 154  67  24  92  89  93 127 152  90  98  94  40  13 154 150
 118 155  84  29  27  23   6  88 140   4  31  37  38  45 161 152
 122 152 155 155 158 146   4  94 138   4 105 162 161 160 163 155
 130 149 152 152 154 139   6  87 136   7  97 160 158 160 161 151
 115 147 150 152 154 135   6  20  30   7  90 158 160 161 160 146
 114 146 148 149 152 140   3   4   4   3  93 159 157 160 160 146
 108 132 140 140 144 142 131 137 137 144 150 155 155 158 156 145
 102 119 114 116 118 118 122 123 144 139 139 140 138 140 136 131
 134 160 162 159 157 153  40  50  43  46 109 160 161 161 160 153
 143 160 162 159 160 151   6  13  17   6  95 165 162 158 159 152
 141 163 164 163 161 150   5  14  15  12 101 161 165 165 164 150
 141 160 156 156 156 147   2   7   9   8  96 160 163 155 159 149
 138 156 157 149 152 140   4  10   7   6 100 161 153 159 157 150
 139 150 119 106 105  91   7  14  14  10  51  85  81  78 155 148
 124 151  58  15   6   5   6  10   4   6   6  10   6  13 145 148
 136 150  48  37 134 123 119 132 128 130 129 140  57  13 146 149
 140 153  58  22  89  87  88 119 146  84  90  88  38  11 152 147
 123 150  68  28  30  23   8  95 131   3  29  38  37  37 152 152
 131 153 152 154 159 140   3  92 136   5 103 163 159 159 159 154
 139 147 143 148 150 126   8  90 130  13  93 155 154 156 154 147
 115 143 143 147 148 120   3  22  26   5  86 154 154 159 156 142
 116 139 143 145 144 137   2   7   9   5  85 151 153 159 152 136
 113 130 133 135 138 136 126 134 138 140 149 151 151 155 149 147

 124 150 146 145 146 148 139 142 142 142 142 142 142 138 141 127
 129 162 163 163 165 161 158 147 146 148 156 161 161 157 162 150
 129 161 164 160 166 156  95  27  32  24  68 160 166 158 154 145
 129 161 164 157 161 161 102  17  57  42  52 152 163 160 159 153
 132 166 162 163 160 155  97  21 137  97  54 152 160 153 159 153
 127 115 107  92  95  96  66  25 140 104  34 107 100  96 109 144
 124  59   3   3   3   5   7  23 135 104  16  10  13   7  21 130
 126  58   0   2   1   5   0  20 137 147 131 128 124  46  19 121
 116  57   6   2   6   5   3  14 128 126  95  96  93  33  20 121
 117  69  20  24  16   8   3  19 138 101  10  20  25  23  40 123
 112 152 149 146 142 140 101  14 133 101  44 132 139 140 138 135
 110 165 162 157 160 159 106  17 133  96  45 152 154 152 151 136
 114 162 161 160 161 159 108  10  42  35  41 155 158 151 154 135
 111 156 161 159 162 158 129  77  80  97 108 148 154 151 145 130
 108 160 157 158 163 158 160 158 153 157 157 152 148 145 142 130
  93 137 131 120 128 134 135 130 131 137 118 118 121 108 110 104
 127 150 152 153 151 154 152 153 153 150 152 155 151 146 146 145
 133 163 163 162 162 163 154 152 150 154 161 163 161 160 160 156
 131 164 163 165 165 163  86  16  16  13  45 160 160 161 160 158
 135 162 164 166 164 161  89   5  59  40  38 161 158 160 157 155
 135 163 164 164 162 161  90   8 142  94  37 162 160 158 159 155
 129 105  95  99  92  99  57   4 141  98  31 105  97  90  93 150
 134  45   9   7   4   6   1   5 139  90   4   4   7   7   3 144
 135  45  10   6   7   6   5   4 141 152 140 138 136  30   4 137
 123  49   6   6   6   8   3   5 135 127  88  94  87  20   4 137
 119  46   9   6   2   5   3   3 134  93   6   4   6   6   3 131
 115 152 150 151 148 143  95   7 133  89  23 146 139 135 140 142
 113 160 160 163 157 159 105   6 134  92  27 158 154 154 152 144
 113 160 162 160 160 159 106  10  28  24  29 155 152 152 149 140
 110 162 161 160 160 158 126  63  56  67  84 155 152 150 148 140
 112 159 160 159 159 159 157 154 153 154 155 152 149 147 146 132
  91 130 132 132 132 132 134 124 133 136 118 122 130 115 114 108
 131 153 152 150 149 150 148 148 149 147 152 154 147 142 136 147
 136 160 159 164 159 157 155 145 146 152 152 159 154 156 152 149
 140 161 158 165 155 159  78  13  13  11  37 159 156 159 159 155
 138 161 162 165 163 153  81   6  57  38  37 159 154 154 153 151
 140 160 165 161 160 161  85  10 140  88  38 163 155 154 151 151
 139 109  95 101  96 100  51   6 129  90  29 103  93  86  85 149
 139  46   6  12   8   6  10   6 130  84   3   5  13   5   5 140
 144  43  17  15   9   7  14   4 128 146 131 136 130  26   9 138
 123  50  13  14   7  10  14  10 132 119  95  92  90  22   7 134
 122  40   6   5   2   4   7   6 119  88   8   3   8   3   2 126
 118 153 151 150 147 140  91   5 123  87  23 140 126 120 137 136
 118 157 160 161 156 152 105   6 134  89  30 159 150 148 144 138
 116 159 159 163 156 149 106  15  37  22  28 154 148 147 145 135
 114 162 162 164 156 157 119  58  48  58  68 152 143 143 143 133
 119 160 160 163 160 156 150 151 150 153 150 153 147 143 139 130
 102 134 143 141 141 138 139 124 136 140 123 131 139 115 116 113

 127 150 145 153 153 144 130 121 121 123 135 136 135 130 130 104
 141 162 154 159 159 109  21  19  20  40 138 151 154 145 142 110
 138 157 158 160 153  96   7  46  33  23 140 152 151 151 145 108
 142 161 166 163 160 100  13 124  93  25 139 154 158 154 148 121
 142 161 160 152 152 107  10 128  96  20 132 152 155 148 152 118
 142 156  68  52  54  34  16 131  95  10  44  45  41 108 157 118
 142 148  24  42  97 104 104 147 126 101 101  96  35  97 157 137
 142 146  32  57 137 140 135 137 128 138 133 133  42  80 153 131
 142 147  27  17  21  25  23  20  14  19  14  17  10  77 158 130
 139 158  95 102  97  66   7   0   3   3 101 106 108 129 160 135
 148 161 156 161 155  96   5   5   5   8 140 159 159 158 158 134
 146 165 166 161 160  95   3   1   6  16 142 160 161 162 163 128
 145 163 160 157 163  92   3   2   2  24 146 157 160 159 158 120
 146 163 164 164 162 107   3   0   6  20 149 162 161 161 157 131
 150 162 161 161 166 115  59  58  57  69 152 165 162 156 160 137
 124 129 129 129 132 127 124 126 116 117 112 110 114 111 108  93
 145 156 158 155 155 150 144 137 137 131 142 144 140 140 132 108
 146 160 160 157 159  93   3   4   4   3 140 152 149 148 146 114
 146 160 161 160 158  90   7  30  20   6 135 154 152 150 147 115
 151 161 160 158 160  97   7 136  87   6 139 154 152 152 149 130
 155 163 160 161 162 105   4 138  94   4 146 158 155 155 152 122
 152 161  45  38  37  31   4 140  88   6  23  27  29  84 155 118
 150 154  13  40  94  98  90 152 127  93  89  92  24  67 154 136
 153 150  16  59 142 141 139 141 135 134 133 134  28  56 153 133
 153 152  16   5   8   4   5   4   5   3   7   6  10  63 154 124
 152 154  86  89  90  57   1   5   3   3  95 105 106 126 157 134
 154 163 163 161 161  99   6   6   8   5 143 159 159 158 159 132
 151 162 165 164 162  92   4   7   6   2 148 157 160 160 159 132
 153 162 165 166 164  99   7   6   6   6 151 163 160 160 159 132
 152 163 163 164 164  95   9  10   6   9 150 160 162 161 160 132
 150 163 164 162 163 105  45  45  49  46 152 160 160 162 159 130
 127 133 131 135 135 129 134 135 123 119 115 113 113 110 112  91
 147 149 155 151 151 149 140 138 134 126 136 138 135 133 130 113
 136 152 159 153 151  85   5   9   7   2 137 144 145 143 139 116
 142 156 159 154 154  86   5  26  22   3 120 148 147 143 143 115
 147 154 156 154 155  93  13 130  90   8 126 150 148 143 147 139
 154 159 159 159 163 103   5 136  92   3 140 159 154 152 153 131
 152 152  37  37  38  29   3 131  95   8  23  30  28  68 150 123
 147 152  11  38  88  90  84 146 119  88  87  89  22  58 153 140
 149 146  13  57 140 129 130 128 132 119 123 134  37  48 150 136
 148 145  13   6  10   6   6   4  10   6   5   6  15  58 151 124
 148 155  78  81  85  51  10  14  14   7  91 105 106 119 150 139
 150 157 159 153 161 100   6   7  10   4 140 152 149 157 156 138
 149 159 155 163 160  96   8   9   7   2 147 156 156 156 160 141
 150 164 165 165 161 101  12  15  14   5 150 161 163 164 163 141
 152 159 158 162 165  95   6  17  13   6 151 160 159 162 160 143
 153 160 161 161 160 109  46  43  50  40 153 157 159 162 160 134
 131 136 140 138 140 139 139 144 123 122 118 118 116 114 119 102

 104 110 108 121 118 118 137 131 130 135 134 128 120 131 137  93
 130 142 145 148 152 157 157 153 158 160 158 163 158 157 160 108
 130 145 151 154 148 108  97  80  77 129 158 162 159 161 156 111
 135 154 151 158 155  41  35  42  10 108 159 161 160 161 162 114
 136 151 152 154 152  45  96 133  17 106 159 160 157 162 165 110
 135 138 140 139 132  44 101 133  14 101 140 142 146 149 152 112
 123  40  23  25  20  10 101 138  19   3   8  16  24  20  69 117
 121  20  33  93  96  95 126 128  14   3   5   6   2   6  57 116
 121  19  46 124 128 131 147 137  20   0   5   1   2   0  58 126
 130  21   7  13  10  16 104 135  23   7   5   3   3   3  59 124
 144 109  96 100 107  34 104 140  25  66  96  95  92 107 115 127
 153 159 153 160 152  54  97 137  21  97 155 160 163 162 166 132
 153 159 160 163 152  52  42  57  17 102 161 161 157 164 161 129
 145 154 158 166 160  68  24  32  27  95 156 166 160 164 161 129
 150 162 157 161 161 156 148 146 147 158 161 165 163 163 162 129
 127 141 138 142 142 142 142 142 142 139 148 146 145 146 150 124
 108 114 115 130 122 118 136 133 124 134 132 132 132 132 130  91
 132 146 147 149 152 155 154 153 154 157 159 159 159 160 159 112
 140 148 150 152 155  84  67  56  63 126 158 160 160 161 162 110
 140 149 152 152 155  29  24  28  10 106 159 160 160 162 160 113
 144 152 154 154 158  27  92 134   6 105 159 157 163 160 160 113
 142 140 135 139 146  23  89 133   7  95 143 148 151 150 152 115
 131   3   6   6   4   6  93 134   3   3   5   2   6   9  46 119
 137   4  20  87  94  88 127 135   5   3   8   6   6   6  49 123
 137   4  30 136 138 140 152 141   4   5   6   7   6  10  45 135
 144   3   7   7   4   4  90 139   5   1   6   4   7   9  45 134
 150  93  90  97 105  31  98 141   4  57  99  92  99  95 105 129
 155 159 158 160 162  37  94 142   8  90 161 162 164 164 163 135
 155 157 160 158 161  38  40  59   5  89 161 164 166 164 162 135
 158 160 161 160 160  45  13  16  16  86 163 165 165 163 164 131
 156 160 160 161 163 161 154 150 152 154 163 162 162 163 163 133
 145 146 146 151 155 152 150 153 153 152 154 151 153 152 150 127
 113 116 115 139 131 123 140 136 124 139 138 141 141 143 134 102
 130 139 143 147 153 150 153 150 151 150 156 160 163 160 160 119
 133 143 143 143 152  68  58  48  58 119 157 156 164 162 162 114
 135 145 147 148 154  28  22  37  15 106 149 156 163 159 159 116
 138 144 148 150 159  30  89 134   6 105 152 156 161 160 157 118
 136 137 120 126 140  23  87 123   5  91 140 147 150 151 153 118
 126   2   3   8   3   8  88 119   6   7   4   2   5   6  40 122
 134   7  22  90  92  95 119 132  10  14  10   7  14  13  50 123
 138   9  26 130 136 131 146 128   4  14   7   9  15  17  43 144
 140   5   5  13   5   3  84 130   6  10   6   8  12   6  46 139
 149  85  86  93 103  29  90 129   6  51 100  96 101  95 109 139
 151 151 154 155 163  38  88 140  10  85 161 160 161 165 160 140
 151 153 154 154 159  37  38  57   6  81 153 163 165 162 161 138
 155 159 159 156 159  37  11  13  13  78 159 155 165 158 161 140
 149 152 156 154 159 152 152 146 145 155 157 159 164 159 160 136
 147 136 142 147 154 152 147 149 148 148 150 149 150 152 153 131

