  75  95 107 102 115 115 109 114 117 120 120 123 125 117 122 111
  87  78  79  74  76  69  71  64  62  67  61  59  60  58  60 110
  86  20   1   3   2   3   0   1   1   0   0   1   0   1   1 100
  90  17   0   0   0   0   0   1   0   0   0   0   0   1   3 100
  91  26  27  25  11   0   0   1   0   0   0  18  45  38  46 107
  99 124 124 126  76   1   1   1   1   3   1  61 129 130 130 117
 101 129 125 126  70   2   2   1   1   1   1  55 134 135 132 119
  89 123 123 125  69   0   0   0   0   0   7  61 130 129 128 121
  86 122 126 130 128 120  32   1   0  35 118 131 128 130 130 119
  96 126 128 124 127 125  31   2   2  32 126 129 132 125 126 118
  93 126 121 126 123 122  29   0   0  34 125 126 127 131 131 115
 102 125 100  39  38  39   9   1   1   9  29  32  23  89 126 117
  91 125  90   0   0   0   0   0   0   0   0   4   0  88 127 123
  90 121  94   2   0   0   0   2   0   3   1   0   8  90 129 119
  89 121 110  59  59  56  60  61  59  61  63  62  71 110 125 118
  85 117 119 121 122 117 112 110 109 120 111 118 116 114 107  90
  89 108 113 113 116 117 119 121 122 122 122 123 126 123 127 116
  97  82  74  72  74  70  70  67  65  63  62  63  61  58  63 111
 102  10   0   0   0   1   0   0   0   0   1   0   0   0   6 100
  97  13   0   0   0   0   0   0   0   0   0   0   2   0   2 105
  98  32  29  27  13   0   0   0   0   0   0  16  46  43  48 108
 108 129 129 130  69   0   0   0   0   0   0  58 137 137 138 122
 102 130 132 131  70   0   0   0   0   0   1  53 134 137 135 128
 103 131 132 132  73   6   1   0   0   1  10  65 136 135 134 124
  99 130 130 132 125 123  33   0   0  31 128 134 133 135 134 125
 104 128 128 129 130 129  29   0   0  29 132 132 130 131 133 124
 104 129 130 131 131 129  28   0   0  31 130 127 128 127 128 122
 101 128 104  40  40  35   8   0   0   9  32  32  28  95 131 122
 100 127  88   0   0   0   0   0   0   0   0   0   0  89 128 125
  98 127  91   0   0   0   0   0   0   0   0   0   0  86 127 124
  98 129 106  57  57  58  60  61  59  60  63  62  67 110 128 120
  97 119 113 114 120 119 116 117 117 116 114 114 114 111 109 101
  92 112 111 111 111 112 120 117 114 120 119 114 119 122 124 107
 106  84  76  78  70  72  74  71  75  61  67  67  68  65  72 108
 105  12   5   2   4   3   4   4   5   2   4   5   2   2  14  99
  97  14   8   5  10   8   2   3   5   3   5   2   4   2   5  99
  96  44  34  28  20   1   3   3   3   1   4  22  52  50  49 101
 110 127 125 127  66   6   6   0   0   0   0  59 131 130 130 122
 104 127 129 128  69   4   1   1   0   0   1  60 130 132 132 124
 106 128 131 128  68  13   3   1   0   4  15  64 126 130 129 116
 103 128 128 122 120 114  32   3   1  32 123 123 127 128 126 119
 103 124 125 128 127 122  31   1   0  33 125 123 126 131 130 118
 104 124 122 125 124 122  35   1   0  29 120 124 118 128 129 115
  98 129  98  47  50  40  10   2   3  10  31  37  39  98 125 113
 106 126  86   5   0   2   2   2   2   1   4   0   1  92 125 116
 104 127  83   3   2   0   5   0   2   0   0   0   0  79 122 112
 103 123 102  57  56  54  57  52  59  65  65  55  55 101 120 110
 102 114 112 112 110 112 112 116 120 110 108 108 111 109 106  98

 111 110 100 100 107 117 119 121 119 118 115 117 123 119 118  90
 122  60   1   3  46 130 132 128 130 126 131 126 127 129 125 107
 117  58   1   1  38 130 135 129 130 125 131  89  88  90 110 114
 125  60   0   0  45 129 134 130 128 132 127  23   0   8  71 116
 123  59   1   0  18  61  55  61 131 129 126  32   4   0  62 118
 120  61   0   0   0   1   1   7 118 126 125  29   0   1  63 111
 120  67   0   0   0   3   1   0  35  32  34   9   0   3  61 120
 117  62   1   0   0   1   1   0   0   2   0   1   0   0  59 109
 114  64   1   1   1   1   1   0   1   2   0   1   0   2  61 110
 109  71   0   0   0   1   2   0  32  31  29   9   0   0  60 112
 115  69   3   0   0   1   2   0 120 125 122  39   0   0  56 117
 115  76   2   0  11  76  70  69 128 127 123  38   0   0  59 122
 102  74   3   0  25 126 126 125 130 124 126  39   0   2  59 121
 107  79   1   0  27 124 125 123 126 128 121 100  90  94 110 119
  95  78  20  17  26 124 129 123 122 126 126 125 125 121 121 117
  75  87  86  90  91  99 101  89  86  96  93 102  91  90  89  85
 116 111 100 105 108 122 128 124 125 124 122 122 125 124 120 101
 127  63   6   2  48 138 135 134 134 133 128 131 128 127 128 109
 123  58   0   0  43 137 137 135 135 131 127  95  89  86 110 111
 126  61   0   2  46 137 134 136 133 130 128  28   0   0  67 114
 123  63   0   0  16  58  53  65 134 132 127  32   0   0  62 114
 122  62   1   0   0   0   1  10 128 132 130  32   0   0  63 114
 122  63   0   0   0   0   0   1  31  29  31   9   0   0  60 116
 122  65   0   0   0   0   0   0   0   0   0   0   0   0  59 117
 121  67   0   0   0   0   0   0   0   0   0   0   0   0  61 117
 119  70   0   0   0   0   0   1  33  29  28   8   0   0  60 116
 117  70   1   0   0   0   0   6 123 129 129  35   0   0  58 119
 116  74   0   0  13  69  70  73 125 130 131  40   0   0  57 120
 113  72   0   0  27 130 131 132 132 129 131  40   0   0  57 114
 113  74   0   0  29 129 132 132 130 128 130 104  88  91 106 113
 108  82  10  13  32 129 130 131 130 128 129 128 127 127 129 119
  89  97 102  97  98 108 102 103  99 104 104 101 100  98  98  97
 107 108  99  99 101 122 124 116 119 118 115 113 116 112 110  98
 124  72  14   5  49 130 132 129 126 130 129 125 125 122 120 106
 122  65   2   2  50 130 132 130 128 131 128  98  92  79 101 109
 119  68   2   4  52 131 130 126 127 126 118  39   1   0  55 111
 114  67   5   2  22  59  60  64 123 123 124  37   0   0  55 108
 119  67   4   5   4   0   1  15 123 125 120  31   4   0  65 108
 120  61   2   3   1   0   0   4  32  33  29  10   1   0  65 110
 114  75   5   5   3   0   0   0   1   0   0   3   2   2  59 120
 117  71   4   3   3   0   1   1   3   1   1   2   2   0  52 116
 120  74   4   2   3   6   1   3  32  31  35  10   2   5  57 112
 112  72   3   8   1   6   4  13 114 122 122  40   2   0  54 112
 111  70   4  10  20  66  69  68 120 127 124  50   0   2  56 110
 111  78   2   5  28 127 128 128 122 128 125  47   5   3  57 112
 111  76   5   8  34 125 129 131 128 125 122  98  86  83 102 112
 112  84  12  14  44 127 127 128 128 124 124 129 126 127 123 114
  92 106 105  97  96 110 104 106 103 103 104  98 106 104 103 102

  90 107 114 116 118 111 120 109 110 112 117 122 121 119 117  85
 118 125 110  71  62  63  61  59  61  60  56  59  59 110 121  89
 119 129  90   8   0   1   3   0   2   0   0   0   2  94 121  90
 123 127  88   0   4   0   0   0   0   0   0   0   0  90 125  91
 117 126  89  23  32  29   9   1   1   9  39  38  39 100 125 102
 115 131 131 127 126 125  34   0   0  29 122 123 126 121 126  93
 118 126 125 132 129 126  32   2   2  31 125 127 124 128 126  96
 119 130 130 128 131 118  35   0   1  32 120 128 130 126 122  86
 121 128 129 130  61   7   0   0   0   0   0  69 125 123 123  89
 119 132 135 134  55   1   1   1   1   2   2  70 126 125 129 101
 117 130 130 129  61   1   3   1   1   1   1  76 126 124 124  99
 107  46  38  45  18   0   0   0   1   0   0  11  25  27  26  91
 100   3   1   0   0   0   0   0   1   0   0   0   0   0  17  90
 100   1   1   0   1   0   0   1   1   0   3   2   3   1  20  86
 110  60  58  60  59  61  67  62  64  71  69  76  74  79  78  87
 111 122 117 125 123 120 120 117 114 109 115 115 102 107  95  75
 101 109 111 114 114 114 116 117 117 116 119 120 114 113 119  97
 120 128 110  67  62  63  60  59  61  60  58  57  57 106 129  98
 124 127  86   0   0   0   0   0   0   0   0   0   0  91 127  98
 125 128  89   0   0   0   0   0   0   0   0   0   0  88 127 100
 122 131  95  28  32  32   9   0   0   8  35  40  40 104 128 101
 122 128 127 128 127 130  31   0   0  28 129 131 131 130 129 104
 124 133 131 130 132 132  29   0   0  29 129 130 129 128 128 104
 125 134 135 133 134 128  31   0   0  33 123 125 132 130 130  99
 124 134 135 136  65  10   1   0   0   1   6  73 132 132 131 103
 128 135 137 134  53   1   0   0   0   0   0  70 131 132 130 102
 122 138 137 137  58   0   0   0   0   0   0  69 130 129 129 108
 108  48  43  46  16   0   0   0   0   0   0  13  27  29  32  98
 105   2   0   2   0   0   0   0   0   0   0   0   0   0  13  97
 100   6   0   0   0   1   0   0   0   0   1   0   0   0  10 102
 111  63  58  61  63  62  63  65  67  70  70  74  72  74  82  97
 116 127 123 126 123 122 122 122 121 119 117 116 113 113 108  89
  98 106 109 111 108 108 110 120 116 112 112 110 112 112 114 102
 110 120 101  55  55  65  65  59  52  57  54  56  57 102 123 103
 112 122  79   0   0   0   0   2   0   5   0   2   3  83 127 104
 116 125  92   1   0   4   1   2   2   2   2   0   5  86 126 106
 113 125  98  39  37  31  10   3   2  10  40  50  47  98 129  98
 115 129 128 118 124 120  29   0   1  35 122 124 125 122 124 104
 118 130 131 126 123 125  33   0   1  31 122 127 128 125 124 103
 119 126 128 127 123 123  32   1   3  32 114 120 122 128 128 103
 116 129 130 126  64  15   4   0   1   3  13  68 128 131 128 106
 124 132 132 130  60   1   0   0   1   1   4  69 128 129 127 104
 122 130 130 131  59   0   0   0   0   6   6  66 127 125 127 110
 101  49  50  52  22   4   1   3   3   3   1  20  28  34  44  96
  99   5   2   4   2   5   3   5   3   2   8  10   5   8  14  97
  99  14   2   2   5   4   2   5   4   4   3   4   2   5  12 105
 108  72  65  68  67  67  61  75  71  74  72  70  78  76  84 106
 107 124 122 119 114 119 120 114 117 120 112 111 111 111 112  92

  85  89  90  91 102  93  96  86  89 101  99  91  90  86  87  75
 117 121 121 125 125 126 126 122 123 129 124  26  17  20  78  95
 119 110  94  90 100 121 128 126 123 125 124  27   0   1  79 107
 121  59   2   0  39 126 124 130 125 126 126  25   0   3  74 102
 122  59   0   0  38 123 127 128  69  70  76  11   0   2  76 115
 117  56   0   0  39 122 125 120   0   2   1   0   0   3  69 115
 112  60   0   0   9  29  31  32   0   2   1   0   0   0  71 109
 110  61   2   0   1   0   2   1   0   1   1   1   1   1  64 114
 109  59   0   0   1   0   2   0   0   1   1   0   0   1  62 117
 120  61   3   0   9  34  32  35   0   1   3   0   0   0  67 120
 111  63   1   0  29 125 126 118   7   1   1   0   0   0  61 120
 118  62   0   4  32 126 129 131  61  55  61  18   0   1  59 123
 116  71   8   0  23 127 132 128 130 134 129  45   0   0  60 125
 114 110  90  88  89 131 125 130 129 135 130  38   1   1  58 117
 107 125 129 127 126 131 126 130 128 132 130  46   3   1  60 122
  90 118 119 123 117 115 118 119 121 119 117 107 100 100 110 111
  97  98  98 100 101 104 104  99 103 102 108  98  97 102  97  89
 119 129 127 127 128 129 128 130 131 130 129  32  13  10  82 108
 113 106  91  88 104 130 128 130 132 132 129  29   0   0  74 113
 114  57   0   0  40 131 129 132 132 131 130  27   0   0  72 113
 120  57   0   0  40 131 130 125  73  70  69  13   0   0  74 116
 119  58   0   0  35 129 129 123   6   0   0   0   0   1  70 117
 116  60   0   0   8  28  29  33   1   0   0   0   0   0  70 119
 117  61   0   0   0   0   0   0   0   0   0   0   0   0  67 121
 117  59   0   0   0   0   0   0   0   0   0   0   0   0  65 122
 116  60   0   0   9  31  29  31   1   0   0   0   0   0  63 122
 114  63   0   0  32 130 132 128  10   1   0   0   0   1  62 122
 114  62   0   0  32 127 132 134  65  53  58  16   0   0  63 123
 114  67   0   0  28 128 130 133 136 134 137  46   2   0  61 126
 111 110  86  89  95 127 131 135 135 137 137  43   0   0  58 123
 109 128 127 128 131 128 133 134 134 135 138  48   2   6  63 127
 101 120 124 125 122 122 124 125 124 128 122 108 105 100 111 116
 102 103 104 106  98 104 103 103 106 104 110  96  97 105 106  92
 114 123 127 126 129 124 124 128 128 127 127  44  14  12  84 112
 112 102  83  86  98 122 125 128 131 129 125  34   8   5  76 111
 112  57   3   5  47 125 128 122 128 128 127  28   5   2  78 111
 110  56   2   0  50 124 127 120  68  69  66  20  10   4  70 111
 112  54   0   2  40 122 122 114  13   4   6   1   8   3  72 112
 112  57   5   2  10  35  31  32   3   1   6   3   2   4  74 120
 116  52   0   2   2   1   1   3   1   1   0   3   3   4  71 117
 120  59   2   2   3   0   0   1   0   0   0   3   5   5  75 114
 110  65   0   1  10  29  33  32   4   0   0   1   3   2  61 120
 108  65   0   4  31 120 125 123  15   1   0   4   5   4  67 119
 108  55   0   0  37 124 123 123  64  60  59  22   2   5  67 114
 111  55   0   1  39 118 126 127 126 130 131  52   4   2  68 119
 109 101  79  92  98 128 131 128 130 132 130  50   2   2  65 122
 106 120 122 125 125 129 130 126 129 132 130  49   5  14  72 124
  98 110 112 116 113 115 118 119 116 124 122 101  99  99 108 107

