 165 195 196 200 197 188 192 199 195 192 189 177 173 175 169 161
 167 205 204 201 154  63 183 202 207 206 208 205 210 208 209 201
 162 199 195 146  24  12  48 192 200 205 202 203 202 204 207 197
 156 191 149  24   8   7   7  54 186 195 193 194 198 197 199 191
 150 151  32   4   3   5   3  11  54 176 188 190 190 191 193 187
 157 138   9   3   5   4   5   7  32 164 186 189 190 189 191 181
 166 203 138   9   8   7  11  27 151 194 188 189 190 188 185 184
 162 202 200 139  15   9  29 156 197 198 198 199 192 188 187 180
 162 201 198 197 131  29 163 200 198 201 201 198 195 196 192 187
 164 197 197 197 196 177 200 204 199 203 200 199 197 196 197 189
 158 187 189 189 187 195 193 192 188 193 193 192 193 194 198 188
 156 122  22  27  25  25  32  36  38  42  37  34  37  37 137 192
 170 127  12   5   3   7   8   9   7   7   4   6   5   8 127 187
 165 115   3   7  11  10  11  12   9   6   5   5   6   8 131 185
 166 179 153 139 135 127 130 137 128 133 132 134 125 130 168 182
 144 172 184 191 187 189 190 188 182 191 189 185 182 182 177 172
 169 194 194 195 191 186 193 194 194 193 188 183 181 179 174 165
 175 203 203 198 149  78 178 206 206 206 205 204 205 207 206 196
 172 199 195 143  36  16  66 187 202 204 203 201 201 204 202 195
 165 193 142  34  10  13  18  70 182 196 198 195 196 198 199 191
 163 145  39  11  11  12  15  18  70 179 191 190 190 193 193 186
 170 140  21  12   9   9  10  14  47 165 190 190 190 191 189 183
 176 199 136  21   9  10  11  43 157 190 189 190 191 190 188 179
 175 200 199 139  23  13  41 158 197 198 194 195 192 190 189 180
 172 199 199 199 129  41 164 201 198 200 200 197 193 192 193 186
 170 198 197 197 193 179 198 202 198 200 201 200 197 195 197 185
 164 188 186 185 183 191 193 193 190 189 191 189 189 189 197 188
 164 121  32  30  34  38  41  41  44  48  46  45  46  50 136 188
 176 122  11   9   6  10  12  12   9   9   9  10   9  13 125 185
 170 114  12  10   7  11  12  12   9   8   9  10   7  11 128 185
 168 171 148 135 129 124 129 134 126 129 131 138 126 127 165 180
 153 175 183 189 184 188 190 183 182 187 188 184 180 180 178 170
 155 174 174 173 171 162 174 175 175 174 172 167 165 163 163 147
 168 193 190 186 137  83 163 196 192 196 192 195 193 194 190 179
 167 184 184 130  44  20  76 170 193 189 192 192 193 189 192 178
 163 179 129  39  14  14  23  82 167 184 186 187 182 186 188 175
 157 132  45  15  10  12  15  21  76 166 180 183 184 184 183 176
 169 129  26  15  11  10   9  14  49 158 176 179 182 180 179 172
 170 180 120  23  11  12  10  48 150 175 179 183 180 180 176 166
 169 186 185 125  23  14  45 146 181 179 180 183 179 177 177 167
 168 185 182 180 115  46 155 184 182 179 186 187 184 182 181 168
 160 181 182 184 177 166 185 185 183 183 188 184 182 184 185 164
 157 172 168 168 164 169 172 170 171 172 174 172 171 172 183 170
 154 113  49  45  48  53  54  50  57  58  60  56  60  61 136 166
 164 107  12  10   8  11  14  11  11   8   9  12   9  16 122 164
 157  98  14  10  11  11  13  15  10   7   8  11   9  13 121 166
 159 153 127 122 114 112 119 122 115 117 118 121 113 112 152 164
 145 160 166 165 163 165 171 162 162 165 165 163 162 161 161 152

 161 201 197 191 187 181 184 180 187 189 188 192 187 185 182 172
 169 209 207 199 193 191 185 187 192 197 198 137 127 131 168 177
 175 208 204 197 191 189 188 188 196 196 194  37   8   8 130 182
 173 210 202 198 190 190 190 192 195 197 193  37   5   6 125 182
 177 205 203 194 190 189 189 199 198 199 192  34   6   5 134 185
 189 208 202 193 188 186 188 198 201 200 193  37   4   5 132 189
 192 206 205 195 176 164 194 198 201 203 193  42   7   6 133 191
 195 207 200 186  54  32 151 197 198 199 188  38   7   9 128 182
 199 202 192  54  11   7  27 156 200 204 192  36   9  12 137 188
 192 183  48   7   3   5  11  29 163 200 193  32   8  11 130 190
 188  63  12   7   5   4   7   9  29 177 195  25   7  10 127 189
 197 154  24   8   3   5   8  15 131 196 187  25   3  11 135 187
 200 201 146  24   4   3   9 139 197 197 189  27   5   7 139 191
 196 204 195 149  32   9 138 200 198 197 189  22  12   3 153 184
 195 205 199 191 151 138 203 202 201 197 187 122 127 115 179 172
 165 167 162 156 150 157 166 162 162 164 158 156 170 165 166 144
 165 196 195 191 186 183 179 180 186 185 188 188 185 185 180 170
 174 206 202 199 193 189 188 189 193 197 197 136 125 128 165 178
 179 207 204 198 193 191 190 190 192 195 189  50  13  11 127 180
 181 205 201 196 190 190 191 192 193 197 189  46   9   7 126 180
 183 204 201 195 190 190 190 195 197 200 189  45  10  10 138 184
 188 205 203 198 191 190 189 194 200 201 191  46   9   9 131 188
 193 206 204 196 179 165 190 198 200 200 189  48   9   8 129 187
 194 206 202 182  70  47 157 197 198 198 190  44   9   9 126 182
 194 206 187  70  18  14  43 158 201 202 193  41  12  12 134 183
 193 178  66  18  15  10  11  41 164 198 193  41  12  12 129 190
 186  78  16  13  12   9  10  13  41 179 191  38  10  11 124 188
 191 149  36  10  11   9   9  23 129 193 183  34   6   7 129 184
 195 198 143  34  11  12  21 139 199 197 185  30   9  10 135 189
 194 203 195 142  39  21 136 199 199 197 186  32  11  12 148 183
 194 203 199 193 145 140 199 200 199 198 188 121 122 114 171 175
 169 175 172 165 163 170 176 175 172 170 164 164 176 170 168 153
 147 179 178 175 176 172 166 167 168 164 170 166 164 166 164 152
 163 190 192 188 183 179 176 177 181 185 183 136 122 121 152 161
 163 194 189 186 184 180 180 177 182 184 172  61  16  13 112 161
 165 193 193 182 184 182 180 179 184 182 171  60   9   9 113 162
 167 195 192 187 183 179 183 183 187 184 172  56  12  11 121 163
 172 192 192 186 180 176 179 180 186 188 174  60   9   8 118 165
 174 196 189 184 166 158 175 179 179 183 172  58   8   7 117 165
 175 192 193 167  76  49 150 181 182 183 171  57  11  10 115 162
 175 196 170  82  21  14  48 146 184 185 170  50  11  15 122 162
 174 163  76  23  15   9  10  45 155 185 172  54  14  13 119 171
 162  83  20  14  12  10  12  14  46 166 169  53  11  11 112 165
 171 137  44  14  10  11  11  23 115 177 164  48   8  11 114 163
 173 186 130  39  15  15  23 125 180 184 168  45  10  10 122 165
 174 190 184 129  45  26 120 185 182 182 168  49  12  14 127 166
 174 193 184 179 132 129 180 186 185 181 172 113 107  98 153 160
 155 168 167 163 157 169 170 169 168 160 157 154 164 157 159 145

 172 177 182 182 185 189 191 182 188 190 189 187 191 184 172 144
 182 168 130 125 134 132 133 128 137 130 127 135 139 153 179 166
 185 131   8   6   5   5   6   9  12  11  10  11   7   3 115 165
 187 127   8   5   6   4   7   7   9   8   7   3   5  12 127 170
 192 137  37  37  34  37  42  38  36  32  25  25  27  22 122 156
 188 198 194 193 192 193 193 188 192 193 195 187 189 189 187 158
 189 197 196 197 199 200 203 199 204 200 177 196 197 197 197 164
 187 192 196 195 198 201 201 198 200 163  29 131 197 198 201 162
 180 187 188 192 199 198 198 197 156  29   9  15 139 200 202 162
 184 185 188 190 189 188 194 151  27  11   7   8   9 138 203 166
 181 191 189 190 189 186 164  32   7   5   4   5   3   9 138 157
 187 193 191 190 190 188 176  54  11   3   5   3   4  32 151 150
 191 199 197 198 194 193 195 186  54   7   7   8  24 149 191 156
 197 207 204 202 203 202 205 200 192  48  12  24 146 195 199 162
 201 209 208 210 205 208 206 207 202 183  63 154 201 204 205 167
 161 169 175 173 177 189 192 195 199 192 188 197 200 196 195 165
 170 178 180 180 184 188 187 182 183 190 188 184 189 183 175 153
 180 165 127 126 138 131 129 126 134 129 124 129 135 148 171 168
 185 128  11   7  10   9   8   9  12  12  11   7  10  12 114 170
 185 125  13   9  10   9   9   9  12  12  10   6   9  11 122 176
 188 136  50  46  45  46  48  44  41  41  38  34  30  32 121 164
 188 197 189 189 189 191 189 190 193 193 191 183 185 186 188 164
 185 197 195 197 200 201 200 198 202 198 179 193 197 197 198 170
 186 193 192 193 197 200 200 198 201 164  41 129 199 199 199 172
 180 189 190 192 195 194 198 197 158  41  13  23 139 199 200 175
 179 188 190 191 190 189 190 157  43  11  10   9  21 136 199 176
 183 189 191 190 190 190 165  47  14  10   9   9  12  21 140 170
 186 193 193 190 190 191 179  70  18  15  12  11  11  39 145 163
 191 199 198 196 195 198 196 182  70  18  13  10  34 142 193 165
 195 202 204 201 201 203 204 202 187  66  16  36 143 195 199 172
 196 206 207 205 204 205 206 206 206 178  78 149 198 203 203 175
 165 174 179 181 183 188 193 194 194 193 186 191 195 194 194 169
 152 161 161 162 163 165 165 162 162 171 165 163 165 166 160 145
 164 152 112 113 121 118 117 115 122 119 112 114 122 127 153 159
 166 121  13   9  11   8   7  10  15  13  11  11  10  14  98 157
 164 122  16   9  12   9   8  11  11  14  11   8  10  12 107 164
 166 136  61  60  56  60  58  57  50  54  53  48  45  49 113 154
 170 183 172 171 172 174 172 171 170 172 169 164 168 168 172 157
 164 185 184 182 184 188 183 183 185 185 166 177 184 182 181 160
 168 181 182 184 187 186 179 182 184 155  46 115 180 182 185 168
 167 177 177 179 183 180 179 181 146  45  14  23 125 185 186 169
 166 176 180 180 183 179 175 150  48  10  12  11  23 120 180 170
 172 179 180 182 179 176 158  49  14   9  10  11  15  26 129 169
 176 183 184 184 183 180 166  76  21  15  12  10  15  45 132 157
 175 188 186 182 187 186 184 167  82  23  14  14  39 129 179 163
 178 192 189 193 192 192 189 193 170  76  20  44 130 184 184 167
 179 190 194 193 195 192 196 192 196 163  83 137 186 190 193 168
 147 163 163 165 167 172 174 175 175 174 162 171 173 174 174 155

 144 166 165 170 156 158 164 162 162 166 157 150 156 162 167 165
 172 179 115 127 122 187 197 201 202 203 138 151 191 199 205 195
 184 153   3  12  22 189 197 198 200 138   9  32 149 195 204 196
 191 139   7   5  27 189 197 197 139   9   3   4  24 146 201 200
 187 135  11   3  25 187 196 131  15   8   5   3   8  24 154 197
 189 127  10   7  25 195 177  29   9   7   4   5   7  12  63 188
 190 130  11   8  32 193 200 163  29  11   5   3   7  48 183 192
 188 137  12   9  36 192 204 200 156  27   7  11  54 192 202 199
 182 128   9   7  38 188 199 198 197 151  32  54 186 200 207 195
 191 133   6   7  42 193 203 201 198 194 164 176 195 205 206 192
 189 132   5   4  37 193 200 201 198 188 186 188 193 202 208 189
 185 134   5   6  34 192 199 198 199 189 189 190 194 203 205 177
 182 125   6   5  37 193 197 195 192 190 190 190 198 202 210 173
 182 130   8   8  37 194 196 196 188 188 189 191 197 204 208 175
 177 168 131 127 137 198 197 192 187 185 191 193 199 207 209 169
 172 182 185 187 192 188 189 187 180 184 181 187 191 197 201 161
 153 168 170 176 164 164 170 172 175 176 170 163 165 172 175 169
 175 171 114 122 121 188 198 199 200 199 140 145 193 199 203 194
 183 148  12  11  32 186 197 199 199 136  21  39 142 195 203 194
 189 135  10   9  30 185 197 199 139  21  12  11  34 143 198 195
 184 129   7   6  34 183 193 129  23   9   9  11  10  36 149 191
 188 124  11  10  38 191 179  41  13  10   9  12  13  16  78 186
 190 129  12  12  41 193 198 164  41  11  10  15  18  66 178 193
 183 134  12  12  41 193 202 201 158  43  14  18  70 187 206 194
 182 126   9   9  44 190 198 198 197 157  47  70 182 202 206 194
 187 129   8   9  48 189 200 200 198 190 165 179 196 204 206 193
 188 131   9   9  46 191 201 200 194 189 190 191 198 203 205 188
 184 138  10  10  45 189 200 197 195 190 190 190 195 201 204 183
 180 126   7   9  46 189 197 193 192 191 190 190 196 201 205 181
 180 127  11  13  50 189 195 192 190 190 191 193 198 204 207 179
 178 165 128 125 136 197 197 193 189 188 189 193 199 202 206 174
 170 180 185 185 188 188 185 186 180 179 183 186 191 195 196 165
 145 159 157 164 154 157 160 168 169 170 169 157 163 167 168 155
 160 153  98 107 113 172 181 185 186 180 129 132 179 184 193 174
 166 127  14  12  49 168 182 182 185 120  26  45 129 184 190 174
 165 122  10  10  45 168 184 180 125  23  15  15  39 130 186 173
 163 114  11   8  48 164 177 115  23  11  11  10  14  44 137 171
 165 112  11  11  53 169 166  46  14  12  10  12  14  20  83 162
 171 119  13  14  54 172 185 155  45  10   9  15  23  76 163 174
 162 122  15  11  50 170 185 184 146  48  14  21  82 170 196 175
 162 115  10  11  57 171 183 182 181 150  49  76 167 193 192 175
 165 117   7   8  58 172 183 179 179 175 158 166 184 189 196 174
 165 118   8   9  60 174 188 186 180 179 176 180 186 192 192 172
 163 121  11  12  56 172 184 187 183 183 179 183 187 192 195 167
 162 113   9   9  60 171 182 184 179 180 182 184 182 193 193 165
 161 112  13  16  61 172 184 182 177 180 180 184 186 189 194 163
 161 152 121 122 136 183 185 181 177 176 179 183 188 192 190 163
 152 164 166 164 166 170 164 168 167 166 172 176 175 178 179 147

