  92 126 132 137 131 131 130 138 131 131 133 149 138 145 142 138
 121 150 151 146 146 147 150 154 153 154 147 150 151 152 148 145
 116 151  96  75  57  69  60  70  62 125 148 145 151 150 150 137
 126 150  76   7  10   6   1   3   3 119 153 151 150 151 152 153
 110 148  67   3  25  64  54  57  60 129 149 147 145 152 155 144
 125 149  71   0  42 145 148 152 153 151 145 147 147 150 146 145
 117 153  68   3  39 131 128 124 139 145 145 145 144 145 149 146
 124 148  72   0   3   2   5   4   8 101 144 149 150 148 153 154
 118 142  72   3  10   7   1   1   2 119 152 149 147 151 146 147
 116 151 136 117 126 128 132   2   1 106 146 151 153 147 148 141
 114 148 140 144 144 148 139   6   0 112 146 148 149 148 152 153
 116 142  98  54  61  65  50   6  11 115 151 148 149 151 156 146
 117 147  69   2   9   2   0   2   4 108 152 151 158 156 146 138
 108 143  89  41  57  46  61  53  60 121 147 146 148 146 144 143
 106 146 145 144 144 143 146 142 149 145 144 140 147 144 143 143
 109 123 127 129 131 131 122 131 132 135 125 118 124 129 130 108
 114 139 138 141 138 145 141 145 142 145 145 146 142 149 145 137
 135 151 155 156 156 156 155 157 156 158 158 157 155 157 156 152
 127 152  93  69  63  73  56  62  67 133 157 155 155 156 156 145
 134 153  69   5   5   7   8   6  13 126 157 158 155 154 157 148
 128 153  62   5  32  63  61  67  66 130 155 157 156 156 155 157
 133 152  66   6  53 154 155 157 154 155 155 157 154 155 157 152
 122 152  67   5  51 132 139 132 137 149 154 156 153 157 156 148
 132 152  67   7   6   9  13   7   8 113 156 155 151 154 153 155
 130 151  63   6   2   1   4   4   6 127 154 157 155 156 154 155
 129 152 140 135 139 136 125   4   5 114 152 153 153 154 153 153
 129 149 152 150 152 151 143   6   2 112 152 151 154 153 157 161
 129 148 100  62  62  64  57   1   2 113 154 153 153 155 157 153
 126 150  65   3   5   4   1   3   6 113 155 157 159 157 153 144
 120 146  87  51  55  46  54  45  65 127 155 155 156 155 152 146
 121 146 147 145 147 148 151 152 151 151 151 149 148 149 149 149
 109 129 139 137 139 139 136 141 137 136 133 136 131 131 136 117
 113 127 133 127 129 142 127 130 129 141 135 128 132 134 129 117
 138 147 144 149 148 145 144 146 145 149 150 148 148 145 147 138
 125 143  84  64  65  71  57  64  67 128 151 150 143 145 148 139
 128 144  58   6   4   6  10   8   8 122 143 147 150 151 148 134
 128 146  53   0  35  61  63  62  67 120 146 148 147 146 143 145
 132 147  63   8  65 139 138 140 145 144 147 147 148 148 145 137
 122 139  59  11  59 120 134 124 128 137 145 144 143 148 145 135
 125 142  69   9  11  25  20  14  14 117 146 143 146 147 144 136
 136 141  55  11   2   9  10   6  12 129 141 140 146 142 142 142
 132 140 133 123 123 124 102  11  17 108 147 141 141 146 142 142
 130 146 148 143 140 139 121  17  19 106 142 146 139 144 147 145
 119 137  94  68  65  62  60  11   1 110 141 142 146 149 149 137
 119 132  57   5   2   6   4   4   3 109 149 145 144 146 144 128
 124 145  82  44  51  41  45  39  65 120 143 147 139 142 140 136
 121 135 137 139 139 138 138 136 130 142 137 146 137 138 136 134
 105 122 131 121 129 128 125 128 121 120 120 130 124 114 118 113

 138 145 137 153 144 145 146 154 147 141 153 146 138 143 143 108
 142 148 150 152 155 146 149 153 146 148 152 156 146 144 143 130
 145 152 150 151 152 150 145 148 151 147 148 151 156 146 144 129
 138 151 151 150 145 147 144 150 147 153 149 149 158 148 147 124
 149 150 145 151 147 147 145 149 149 151 148 148 151 146 140 118
 133 147 148 153 149 145 145 144 152 146 146 151 152 147 144 125
 131 154 125 119 129 151 145 101 119 106 112 115 108 121 145 135
 131 153  62   3  60 153 139   8   2   1   0  11   4  60 149 132
 138 154  70   3  57 152 124   4   1   2   6   6   2  53 142 131
 130 150  60   1  54 148 128   5   1 132 139  50   0  61 146 122
 131 147  69   6  64 145 131   2   7 128 148  65   2  46 143 131
 131 146  57  10  25  42  39   3  10 126 144  61   9  57 144 131
 137 146  75   7   3   0   3   0   3 117 144  54   2  41 144 129
 132 151  96  76  67  71  68  72  72 136 140  98  69  89 145 127
 126 150 151 150 148 149 153 148 142 151 148 142 147 143 146 123
  92 121 116 126 110 125 117 124 118 116 114 116 117 108 106 109
 137 152 145 148 157 152 148 155 155 153 161 153 144 146 149 117
 145 156 156 157 155 157 156 153 154 153 157 157 153 152 149 136
 149 157 156 154 156 155 157 154 156 154 153 155 157 155 149 131
 142 155 155 155 156 154 153 151 155 153 154 153 159 156 148 131
 146 157 155 158 157 157 156 155 157 153 151 153 157 155 149 136
 145 158 157 157 155 155 154 156 154 152 152 154 155 155 151 133
 145 158 133 126 130 155 149 113 127 114 112 113 113 127 151 136
 142 156  67  13  66 154 137   8   6   5   2   2   6  65 151 137
 145 157  62   6  67 157 132   7   4   4   6   1   3  45 152 141
 141 155  56   8  61 155 139  13   4 125 143  57   1  54 151 136
 145 156  73   7  63 154 132   9   1 136 151  64   4  46 148 139
 138 156  63   5  32  53  51   6   2 139 152  62   5  55 147 139
 141 156  69   5   5   6   5   7   6 135 150  62   3  51 145 137
 138 155  93  69  62  66  67  67  63 140 152 100  65  87 147 139
 139 151 152 153 153 152 152 152 151 152 149 148 150 146 146 129
 114 135 127 134 128 133 122 132 130 129 129 129 126 120 121 109
 117 138 139 134 145 137 135 136 142 142 145 137 128 136 134 113
 129 147 148 148 143 145 145 144 142 142 147 149 144 140 136 118
 134 145 145 151 146 148 148 147 142 146 144 149 146 142 138 114
 132 148 143 150 147 148 143 146 146 141 139 146 144 139 137 124
 128 148 150 147 148 147 144 143 140 141 146 142 145 147 146 130
 135 150 151 143 146 147 145 146 141 147 142 141 149 143 137 120
 141 149 128 122 120 144 137 117 129 108 106 110 109 120 142 120
 129 145  67   8  67 145 128  14  12  17  19   1   3  65 130 121
 130 146  64   8  62 140 124  14   6  11  17  11   4  39 136 128
 127 144  57  10  63 138 134  20  10 102 121  60   4  45 138 125
 142 145  71   6  61 139 120  25   9 124 139  62   6  41 138 128
 129 148  65   4  35  65  59  11   2 123 140  65   2  51 139 129
 127 149  64   6   0   8  11   9  11 123 143  68   5  44 139 121
 133 144  84  58  53  63  59  69  55 133 148  94  57  82 137 131
 127 147 143 144 146 147 139 142 141 140 146 137 132 145 135 122
 113 138 125 128 128 132 122 125 136 132 130 119 119 124 121 105

 108 130 129 124 118 125 135 132 131 122 131 131 129 127 123 109
 143 143 144 147 140 144 145 149 142 146 143 144 144 145 146 106
 143 144 146 148 146 147 121  60  53  61  46  57  41  89 143 108
 138 146 156 158 151 152 108   4   2   0   2   9   2  69 147 117
 146 156 151 149 148 151 115  11   6  50  65  61  54  98 142 116
 153 152 148 149 148 146 112   0   6 139 148 144 144 140 148 114
 141 148 147 153 151 146 106   1   2 132 128 126 117 136 151 116
 147 146 151 147 149 152 119   2   1   1   7  10   3  72 142 118
 154 153 148 150 149 144 101   8   4   5   2   3   0  72 148 124
 146 149 145 144 145 145 145 139 124 128 131  39   3  68 153 117
 145 146 150 147 147 145 151 153 152 148 145  42   0  71 149 125
 144 155 152 145 147 149 129  60  57  54  64  25   3  67 148 110
 153 152 151 150 151 153 119   3   3   1   6  10   7  76 150 126
 137 150 150 151 145 148 125  62  70  60  69  57  75  96 151 116
 145 148 152 151 150 147 154 153 154 150 147 146 146 151 150 121
 138 142 145 138 149 133 131 131 138 130 131 131 137 132 126  92
 117 136 131 131 136 133 136 137 141 136 139 139 137 139 129 109
 149 149 149 148 149 151 151 151 152 151 148 147 145 147 146 121
 146 152 155 156 155 155 127  65  45  54  46  55  51  87 146 120
 144 153 157 159 157 155 113   6   3   1   4   5   3  65 150 126
 153 157 155 153 153 154 113   2   1  57  64  62  62 100 148 129
 161 157 153 154 151 152 112   2   6 143 151 152 150 152 149 129
 153 153 154 153 153 152 114   5   4 125 136 139 135 140 152 129
 155 154 156 155 157 154 127   6   4   4   1   2   6  63 151 130
 155 153 154 151 155 156 113   8   7  13   9   6   7  67 152 132
 148 156 157 153 156 154 149 137 132 139 132  51   5  67 152 122
 152 157 155 154 157 155 155 154 157 155 154  53   6  66 152 133
 157 155 156 156 157 155 130  66  67  61  63  32   5  62 153 128
 148 157 154 155 158 157 126  13   6   8   7   5   5  69 153 134
 145 156 156 155 155 157 133  67  62  56  73  63  69  93 152 127
 152 156 157 155 157 158 158 156 157 155 156 156 156 155 151 135
 137 145 149 142 146 145 145 142 145 141 145 138 141 138 139 114
 113 118 114 124 130 120 120 121 128 125 128 129 121 131 122 105
 134 136 138 137 146 137 142 130 136 138 138 139 139 137 135 121
 136 140 142 139 147 143 120  65  39  45  41  51  44  82 145 124
 128 144 146 144 145 149 109   3   4   4   6   2   5  57 132 119
 137 149 149 146 142 141 110   1  11  60  62  65  68  94 137 119
 145 147 144 139 146 142 106  19  17 121 139 140 143 148 146 130
 142 142 146 141 141 147 108  17  11 102 124 123 123 133 140 132
 142 142 142 146 140 141 129  12   6  10   9   2  11  55 141 136
 136 144 147 146 143 146 117  14  14  20  25  11   9  69 142 125
 135 145 148 143 144 145 137 128 124 134 120  59  11  59 139 122
 137 145 148 148 147 147 144 145 140 138 139  65   8  63 147 132
 145 143 146 147 148 146 120  67  62  63  61  35   0  53 146 128
 134 148 151 150 147 143 122   8   8  10   6   4   6  58 144 128
 139 148 145 143 150 151 128  67  64  57  71  65  64  84 143 125
 138 147 145 148 148 150 149 145 146 144 145 148 149 144 147 138
 117 129 134 132 128 135 141 129 130 127 142 129 127 133 127 113

 109 106 108 117 116 114 116 118 124 117 125 110 126 116 121  92
 123 146 143 147 142 148 151 142 148 153 149 148 150 151 150 126
 127 145  89  69  98 140 136  72  72  68  71  67  76  96 151 132
 129 144  41   2  54 144 117   3   0   3   0   3   7  75 146 137
 131 144  57   9  61 144 126  10   3  39  42  25  10  57 146 131
 131 143  46   2  65 148 128   7   2 131 145  64   6  69 147 131
 122 146  61   0  50 139 132   1   5 128 148  54   1  60 150 130
 131 142  53   2   6   6   2   1   4 124 152  57   3  70 154 138
 132 149  60   4  11   0   1   2   8 139 153  60   3  62 153 131
 135 145 121 108 115 112 106 119 101 145 151 129 119 125 154 131
 125 144 147 152 151 146 146 152 144 145 145 149 153 148 147 133
 118 140 146 151 148 148 151 149 149 145 147 147 151 145 150 149
 124 147 148 158 149 149 153 147 150 144 147 145 150 151 151 138
 129 144 146 156 151 148 147 151 148 145 150 152 151 150 152 145
 130 143 144 146 156 152 148 146 153 149 146 155 152 150 148 142
 108 143 143 138 146 153 141 147 154 146 145 144 153 137 145 138
 109 121 120 126 129 129 129 130 132 122 133 128 134 127 135 114
 129 146 146 150 148 149 152 151 152 152 152 153 153 152 151 139
 139 147  87  65 100 152 140  63  67  67  66  62  69  93 155 138
 137 145  51   3  62 150 135   6   7   5   6   5   5  69 156 141
 139 147  55   5  62 152 139   2   6  51  53  32   5  63 156 138
 139 148  46   4  64 151 136   1   9 132 154  63   7  73 156 145
 136 151  54   1  57 143 125   4  13 139 155  61   8  56 155 141
 141 152  45   3   1   6   4   4   7 132 157  67   6  62 157 145
 137 151  65   6   2   2   5   6   8 137 154  66  13  67 156 142
 136 151 127 113 113 112 114 127 113 149 155 130 126 133 158 145
 133 151 155 155 154 152 152 154 156 154 155 155 157 157 158 145
 136 149 155 157 153 151 153 157 155 156 157 157 158 155 157 146
 131 148 156 159 153 154 153 155 151 153 154 156 155 155 155 142
 131 149 155 157 155 153 154 156 154 157 155 156 154 156 157 149
 136 149 152 153 157 157 153 154 153 156 157 155 157 156 156 145
 117 149 146 144 153 161 153 155 155 148 152 157 148 145 152 137
 105 121 124 119 119 130 132 136 125 122 132 128 128 125 138 113
 122 135 145 132 137 146 140 141 142 139 147 146 144 143 147 127
 131 137  82  57  94 148 133  55  69  59  63  53  58  84 144 133
 121 139  44   5  68 143 123  11   9  11   8   0   6  64 149 127
 129 139  51   2  65 140 123   2  11  59  65  35   4  65 148 129
 128 138  41   6  62 139 124   9  25 120 139  61   6  71 145 142
 125 138  45   4  60 121 102  10  20 134 138  63  10  57 144 127
 128 136  39   4  11  17  11   6  14 124 140  62   8  64 146 130
 121 130  65   3   1  19  17  12  14 128 145  67   8  67 145 129
 120 142 120 109 110 106 108 129 117 137 144 120 122 128 149 141
 120 137 143 149 141 142 147 141 146 145 147 146 143 151 150 135
 130 146 147 145 142 146 141 140 143 144 147 148 147 150 148 128
 124 137 139 144 146 139 141 146 146 143 148 147 150 143 148 132
 114 138 142 146 149 144 146 142 147 148 148 146 151 145 145 134
 118 136 140 144 149 147 142 142 144 145 145 143 148 148 147 129
 113 134 136 128 137 145 142 142 136 135 137 145 134 139 138 117

