  77 115 114 114 111 112 110 115 106 105 118 117 109 103 105  99
  90 132 130 127 129 129 133 137 130 132 135 137 130 134 133 127
  89 127 131  71  64  62  60  63  65  68  65  69  65 122 134 131
  98 129 135  25   2   0   1   1   4   5   0   1   2 124 136 123
  99 132 132  24   1   0   2   0   2   2   0   3   2 124 132 124
 102 132 131  26   4   9   6   2   3   3   7   4   6 120 133 123
 102 127 128 120 129 129  31   0   4  13 126 124 127 129 134 129
  99 131 130 130 127 133  37   0   5  18 136 132 131 128 131 117
  94 127 130 133 130 133  35   2   3  18 135 129 132 129 129 122
  93 126 130 137 131 132  38   2   1  13 131 135 129 130 130 123
 105 129 130 132 134 130  38   3   2  18 130 130 131 128 132 119
 102 132 130 134 127 134  34   0   0  22 133 130 135 133 136 120
 102 131 135 132 130 130  31   1   3  23 129 137 130 128 133 121
 101 134 130 132 133 131  67  40  40  58 131 130 131 136 130 121
 102 131 128 133 134 128 130 134 132 132 132 133 135 131 133 114
  87 115 110 108 119 125 122 121 117 117 116 116 115 114 113  98
  86 116 118 118 117 116 116 116 115 113 121 121 116 117 116 106
 101 135 136 133 133 132 133 133 134 135 135 134 135 136 136 128
 101 135 134  70  59  58  62  61  65  64  65  63  69 128 134 130
 106 135 135  24   2   1   2   2   0   1   2   0   8 124 132 126
 103 132 135  25   2   3   0   1   0   0   0   0   3 122 136 127
 104 131 135  26   2   1   0   0   1   1   3   3   7 121 134 127
 104 133 134 130 126 126  29   0   0  17 124 124 125 135 136 130
 108 135 136 135 135 134  34   0   0  17 131 135 134 134 131 122
 108 135 136 135 135 135  31   0   1  20 133 135 135 133 132 122
 104 134 136 133 135 135  35   0   0  10 136 133 133 132 132 125
 110 134 134 133 133 135  33   0   0  14 132 135 133 137 135 124
 110 133 134 133 135 133  35   1   0  19 132 135 134 136 133 121
 107 134 134 132 136 133  26   0   0  17 134 134 137 136 135 125
 110 130 133 134 133 133  62  38  37  53 132 134 137 133 135 124
 109 130 134 132 131 134 134 131 131 132 133 132 133 133 133 119
  96 117 118 118 120 120 120 118 114 117 120 124 121 120 115 101
  96 115 116 115 115 112 116 114 113 113 113 113 115 115 117 107
 111 134 132 135 132 136 130 132 133 128 131 127 137 135 133 124
 110 134 129  63  54  57  64  67  61  61  64  58  74 123 133 127
 109 132 127  27   7   6   4   6   4   1   4   0  14 123 133 118
 104 130 128  21   3   2   1   3   4   5   3   1  12 121 125 120
 103 125 127  34  16  13   6   1   0   9  11   9  17 123 132 118
 106 128 133 127 119 120  24   1   2  27 119 116 119 131 132 120
 107 130 136 129 131 129  36   2   2  21 124 129 132 131 126 117
 110 136 131 128 130 130  36   3   1  25 123 133 126 132 130 117
 105 132 130 128 133 130  37   3   1  22 130 123 136 132 133 114
 110 126 128 129 126 131  33   0   1  25 127 130 134 133 132 116
 110 122 125 132 129 124  36   4   4  28 126 132 133 132 129 120
 105 127 125 134 130 128  33   7   3  27 127 130 130 133 129 114
 112 126 130 130 127 124  62  40  44  60 125 129 128 126 127 115
 111 125 125 130 128 127 128 124 132 128 128 128 128 130 126 116
 100 115 113 118 115 111 113 106 111 113 117 119 114 115 115 103

  99 127 131 123 124 123 129 117 122 123 119 120 121 121 114  98
 105 133 134 136 132 133 134 131 129 130 132 136 133 130 133 113
 103 134 122 124 124 120 129 128 129 130 128 133 128 136 131 114
 109 130  65   2   2   6 127 131 132 129 131 135 130 131 135 115
 117 137  69   1   3   4 124 132 129 135 130 130 137 130 133 116
 118 135  65   0   0   7 126 136 135 131 130 133 129 131 132 116
 105 132  68   5   2   3  13  18  18  13  18  22  23  58 132 117
 106 130  65   4   2   3   4   5   3   1   2   0   3  40 132 117
 115 137  63   1   0   2   0   0   2   2   3   0   1  40 134 121
 110 133  60   1   2   6  31  37  35  38  38  34  31  67 130 122
 112 129  62   0   0   9 129 133 133 132 130 134 130 131 128 125
 111 129  64   2   1   4 129 127 130 131 134 127 130 133 134 119
 114 127  71  25  24  26 120 130 133 137 132 134 132 132 133 108
 114 130 131 135 132 131 128 130 130 130 130 130 135 130 128 110
 115 132 127 129 132 132 127 131 127 126 129 132 131 134 131 115
  77  90  89  98  99 102 102  99  94  93 105 102 102 101 102  87
 106 128 130 126 127 127 130 122 122 125 124 121 125 124 119 101
 116 136 134 132 136 134 136 131 132 132 135 133 135 135 133 115
 117 136 128 124 122 121 135 134 133 132 137 136 136 133 133 120
 116 135  69   8   3   7 125 134 135 133 133 134 137 137 133 121
 121 134  63   0   0   3 124 135 135 133 135 135 134 134 132 124
 121 135  65   2   0   3 124 131 133 136 132 132 134 132 133 120
 113 135  64   1   0   1  17  17  20  10  14  19  17  53 132 117
 115 134  65   0   0   1   0   0   1   0   0   0   0  37 131 114
 116 133  61   2   1   0   0   0   0   0   0   1   0  38 131 118
 116 133  62   2   0   0  29  34  31  35  33  35  26  62 134 120
 116 132  58   1   3   1 126 134 135 135 135 133 133 133 134 120
 117 133  59   2   2   2 126 135 135 135 133 135 136 133 131 120
 118 133  70  24  25  26 130 135 135 133 133 133 132 134 132 118
 118 136 134 135 135 135 134 136 136 136 134 134 134 133 134 118
 116 135 135 135 132 131 133 135 135 134 134 133 134 130 130 117
  86 101 101 106 103 104 104 108 108 104 110 110 107 110 109  96
 107 124 127 118 120 118 120 117 117 114 116 120 114 115 116 103
 117 133 133 133 125 132 132 126 130 133 132 129 129 127 126 115
 115 135 123 123 121 123 131 131 132 132 133 132 133 126 130 115
 115 137  74  14  12  17 119 132 126 136 134 133 130 128 128 114
 113 127  58   0   1   9 116 129 133 123 130 132 130 129 128 119
 113 131  64   4   3  11 119 124 123 130 127 126 127 125 128 117
 113 128  61   1   5   9  27  21  25  22  25  28  27  60 128 113
 113 133  61   4   4   0   2   2   1   1   1   4   3  44 132 111
 114 132  67   6   3   1   1   2   3   3   0   4   7  40 124 106
 116 130  64   4   1   6  24  36  36  37  33  36  33  62 128 113
 112 136  57   6   2  13 120 129 130 130 131 124 128 124 127 111
 115 132  54   7   3  16 119 131 130 133 126 129 130 127 128 115
 115 135  63  27  21  34 127 129 128 128 129 132 134 130 130 118
 116 132 129 127 128 127 133 136 131 130 128 125 125 130 125 113
 115 134 134 132 130 125 128 130 136 132 126 122 127 126 125 115
  96 111 110 109 104 103 106 107 110 105 110 110 105 112 111 100

  98 113 114 115 116 116 117 117 121 122 125 119 108 110 115  87
 114 133 131 135 133 132 132 132 134 130 128 134 133 128 131 102
 121 130 136 131 130 131  58  40  40  67 131 133 132 130 134 101
 121 133 128 130 137 129  23   3   1  31 130 130 132 135 131 102
 120 136 133 135 130 133  22   0   0  34 134 127 134 130 132 102
 119 132 128 131 130 130  18   2   3  38 130 134 132 130 129 105
 123 130 130 129 135 131  13   1   2  38 132 131 137 130 126  93
 122 129 129 132 129 135  18   3   2  35 133 130 133 130 127  94
 117 131 128 131 132 136  18   5   0  37 133 127 130 130 131  99
 129 134 129 127 124 126  13   4   0  31 129 129 120 128 127 102
 123 133 120   6   4   7   3   3   2   6   9   4  26 131 132 102
 124 132 124   2   3   0   2   2   0   2   0   1  24 132 132  99
 123 136 124   2   1   0   5   4   1   1   0   2  25 135 129  98
 131 134 122  65  69  65  68  65  63  60  62  64  71 131 127  89
 127 133 134 130 137 135 132 130 137 133 129 129 127 130 132  90
  99 105 103 109 117 118 105 106 115 110 112 111 114 114 115  77
 101 115 120 121 124 120 117 114 118 120 120 120 118 118 117  96
 119 133 133 133 132 133 132 131 131 134 134 131 132 134 130 109
 124 135 133 137 134 132  53  37  38  62 133 133 134 133 130 110
 125 135 136 137 134 134  17   0   0  26 133 136 132 134 134 107
 121 133 136 134 135 132  19   0   1  35 133 135 133 134 133 110
 124 135 137 133 135 132  14   0   0  33 135 133 133 134 134 110
 125 132 132 133 133 136  10   0   0  35 135 135 133 136 134 104
 122 132 133 135 135 133  20   1   0  31 135 135 135 136 135 108
 122 131 134 134 135 131  17   0   0  34 134 135 135 136 135 108
 130 136 135 125 124 124  17   0   0  29 126 126 130 134 133 104
 127 134 121   7   3   3   1   1   0   0   1   2  26 135 131 104
 127 136 122   3   0   0   0   0   1   0   3   2  25 135 132 103
 126 132 124   8   0   2   1   0   2   2   1   2  24 135 135 106
 130 134 128  69  63  65  64  65  61  62  58  59  70 134 135 101
 128 136 136 135 134 135 135 134 133 133 132 133 133 136 135 101
 106 116 117 116 121 121 113 115 116 116 116 117 118 118 116  86
 103 115 115 114 119 117 113 111 106 113 111 115 118 113 115 100
 116 126 130 128 128 128 128 132 124 128 127 128 130 125 125 111
 115 127 126 128 129 125  60  44  40  62 124 127 130 130 126 112
 114 129 133 130 130 127  27   3   7  33 128 130 134 125 127 105
 120 129 132 133 132 126  28   4   4  36 124 129 132 125 122 110
 116 132 133 134 130 127  25   1   0  33 131 126 129 128 126 110
 114 133 132 136 123 130  22   1   3  37 130 133 128 130 132 105
 117 130 132 126 133 123  25   1   3  36 130 130 128 131 136 110
 117 126 131 132 129 124  21   2   2  36 129 131 129 136 130 107
 120 132 131 119 116 119  27   2   1  24 120 119 127 133 128 106
 118 132 123  17   9  11   9   0   1   6  13  16  34 127 125 103
 120 125 121  12   1   3   5   4   3   1   2   3  21 128 130 104
 118 133 123  14   0   4   1   4   6   4   6   7  27 127 132 109
 127 133 123  74  58  64  61  61  67  64  57  54  63 129 134 110
 124 133 135 137 127 131 128 133 132 130 136 132 135 132 134 111
 107 117 115 115 113 113 113 113 114 116 112 115 115 116 115  96

  87 102 101 102 102 105  93  94  99 102 102  99  98  89  90  77
 115 131 134 131 132 129 126 127 131 127 132 132 129 127 132 115
 110 128 130 135 130 130 130 130 130 128 131 132 135 131 130 114
 108 133 132 132 134 132 137 133 130 120  26  24  25  71 127 114
 119 134 133 130 127 134 131 130 127 129   4   1   2  64 129 111
 125 128 131 130 134 130 132 133 133 129   9   0   0  62 129 112
 122 130  67  31  34  38  38  35  37  31   6   2   1  60 133 110
 121 134  40   1   0   3   2   2   0   0   2   0   1  63 137 115
 117 132  40   3   0   2   1   3   5   4   3   2   4  65 130 106
 117 132  58  23  22  18  13  18  18  13   3   2   5  68 132 105
 116 132 131 129 133 130 131 135 136 126   7   0   0  65 135 118
 116 133 130 137 130 130 135 129 132 124   4   3   1  69 137 117
 115 135 131 130 135 131 129 132 131 127   6   2   2  65 130 109
 114 131 136 128 133 128 130 129 128 129 120 124 124 122 134 103
 113 133 130 133 136 132 130 129 131 134 133 132 136 134 133 105
  98 114 121 121 120 119 123 122 117 129 123 124 123 131 127  99
  96 109 110 107 110 110 104 108 108 104 104 103 106 101 101  86
 117 130 130 134 133 134 134 135 135 133 131 132 135 135 135 116
 118 134 133 134 134 134 136 136 136 134 135 135 135 134 136 118
 118 132 134 132 133 133 133 135 135 130  26  25  24  70 133 118
 120 131 133 136 135 133 135 135 135 126   2   2   2  59 133 117
 120 134 133 133 133 135 135 135 134 126   1   3   1  58 132 116
 120 134  62  26  35  33  35  31  34  29   0   0   2  62 133 116
 118 131  38   0   1   0   0   0   0   0   0   1   2  61 133 116
 114 131  37   0   0   0   0   1   0   0   1   0   0  65 134 115
 117 132  53  17  19  14  10  20  17  17   1   0   1  64 135 113
 120 133 132 134 132 132 136 133 131 124   3   0   2  65 135 121
 124 132 134 134 135 135 133 135 135 124   3   0   0  63 134 121
 121 133 137 137 134 133 133 135 134 125   7   3   8  69 135 116
 120 133 133 136 136 137 132 133 134 135 121 122 124 128 136 117
 115 133 135 135 133 135 132 132 131 136 134 136 132 134 136 116
 101 119 124 125 121 124 125 122 122 130 127 127 126 130 128 106
 100 111 112 105 110 110 105 110 107 106 103 104 109 110 111  96
 115 125 126 127 122 126 132 136 130 128 125 130 132 134 134 115
 113 125 130 125 125 128 130 131 136 133 127 128 127 129 132 116
 118 130 130 134 132 129 128 128 129 127  34  21  27  63 135 115
 115 128 127 130 129 126 133 130 131 119  16   3   7  54 132 115
 111 127 124 128 124 131 130 130 129 120  13   2   6  57 136 112
 113 128  62  33  36  33  37  36  36  24   6   1   4  64 130 116
 106 124  40   7   4   0   3   3   2   1   1   3   6  67 132 114
 111 132  44   3   4   1   1   1   2   2   0   4   4  61 133 113
 113 128  60  27  28  25  22  25  21  27   9   5   1  61 128 113
 117 128 125 127 126 127 130 123 124 119  11   3   4  64 131 113
 119 128 129 130 132 130 123 133 129 116   9   1   0  58 127 113
 114 128 128 130 133 134 136 126 132 119  17  12  14  74 137 115
 115 130 126 133 132 133 132 132 131 131 123 121 123 123 135 115
 115 126 127 129 129 132 133 130 126 132 132 125 133 133 133 117
 103 116 115 114 120 116 114 117 117 120 118 120 118 127 124 107

